870 APPENDIX A Interest Factors for Discrete Compounding
0.25% Single Payment Equal Payment Series Gradient Series
Compound Present Compound Sinking Present Capital Gradient Gradient
Amount Worth Amount Fund Worth Recovery Uniform Present
Factor Factor Factor Factor Factor Factor Series Worth
N (F/P,i,N) (P/F,i,N) (F/A,i,N) (A/F,i,N) (P/A,i,N) (A/P,i,N) (A/G,i,N) (P/G,i,N) N
1 1.0025 0.9975 1.0000 1.0000 0.9975 1.0025 0.0000 0.0000 1
2 1.0050 0.9950 2.0025 0.4994 1.9925 0.5019 0.4994 0.9950 2
3 1.0075 0.9925 3.0075 0.3325 2.9851 0.3350 0.9983 2.9801 3
4 1.0100 0.9901 4.0150 0.2491 3.9751 0.2516 1.4969 5.9503 4
5 1.0126 0.9876 5.0251 0.1990 4.9627 0.2015 1.9950 9.9007 5
6 1.0151 0.9851 6.0376 0.1656 5.9478 0.1681 2.4927 14.8263 6
7 1.0176 0.9827 7.0527 0.1418 6.9305 0.1443 2.9900 20.7223 7
8 1.0202 0.9802 8.0704 0.1239 7.9107 0.1264 3.4869 27.5839 8
9 1.0227 0.9778 9.0905 0.1100 8.8885 0.1125 3.9834 35.4061 9
10 1.0253 0.9753 10.1133 0.0989 9.8639 0.1014 4.4794 44.1842 10
11 1.0278 0.9729 11.1385 0.0898 10.8368 0.0923 4.9750 53.9133 11
12 1.0304 0.9705 12.1664 0.0822 11.8073 0.0847 5.4702 64.5886 12
13 1.0330 0.9681 13.1968 0.0758 12.7753 0.0783 5.9650 76.2053 13
14 1.0356 0.9656 14.2298 0.0703 13.7410 0.0728 6.4594 88.7587 14
15 1.0382 0.9632 15.2654 0.0655 14.7042 0.0680 6.9534 102.2441 15
16 1.0408 0.9608 16.3035 0.0613 15.6650 0.0638 7.4469 116.6567 16
17 1.0434 0.9584 17.3443 0.0577 16.6235 0.0602 7.9401 131.9917 17
18 1.0460 0.9561 18.3876 0.0544 17.5795 0.0569 8.4328 148.2446 18
19 1.0486 0.9537 19.4336 0.0515 18.5332 0.0540 8.9251 165.4106 19
20 1.0512 0.9513 20.4822 0.0488 19.4845 0.0513 9.4170 183.4851 20
21 1.0538 0.9489 21.5334 0.0464 20.4334 0.0489 9.9085 202.4634 21
22 1.0565 0.9466 22.5872 0.0443 21.3800 0.0468 10.3995 222.3410 22
23 1.0591 0.9442 23.6437 0.0423 22.3241 0.0448 10.8901 243.1131 23
24 1.0618 0.9418 24.7028 0.0405 23.2660 0.0430 11.3804 264.7753 24
25 1.0644 0.9395 25.7646 0.0388 24.2055 0.0413 11.8702 287.3230 25
26 1.0671 0.9371 26.8290 0.0373 25.1426 0.0398 12.3596 310.7516 26
27 1.0697 0.9348 27.8961 0.0358 26.0774 0.0383 12.8485 335.0566 27
28 1.0724 0.9325 28.9658 0.0345 27.0099 0.0370 13.3371 360.2334 28
29 1.0751 0.9301 30.0382 0.0333 27.9400 0.0358 13.8252 386.2776 29
30 1.0778 0.9278 31.1133 0.0321 28.8679 0.0346 14.3130 413.1847 30
31 1.0805 0.9255 32.1911 0.0311 29.7934 0.0336 14.8003 440.9502 31
32 1.0832 0.9232 33.2716 0.0301 30.7166 0.0326 15.2872 469.5696 32
33 1.0859 0.9209 34.3547 0.0291 31.6375 0.0316 15.7736 499.0386 33
34 1.0886 0.9186 35.4406 0.0282 32.5561 0.0307 16.2597 529.3528 34
35 1.0913 0.9163 36.5292 0.0274 33.4724 0.0299 16.7454 560.5076 35
36 1.0941 0.9140 37.6206 0.0266 34.3865 0.0291 17.2306 592.4988 36
40 1.1050 0.9050 42.0132 0.0238 38.0199 0.0263 19.1673 728.7399 40
48 1.1273 0.8871 50.9312 0.0196 45.1787 0.0221 23.0209 1040.0552 48
50 1.1330 0.8826 53.1887 0.0188 46.9462 0.0213 23.9802 1125.7767 50
60 1.1616 0.8609 64.6467 0.0155 55.6524 0.0180 28.7514 1600.0845 60
72 1.1969 0.8355 78.7794 0.0127 65.8169 0.0152 34.4221 2265.5569 72
80 1.2211 0.8189 88.4392 0.0113 72.4260 0.0138 38.1694 2764.4568 80
84 1.2334 0.8108 93.3419 0.0107 75.6813 0.0132 40.0331 3029.7592 84
90 1.2520 0.7987 100.7885 0.0099 80.5038 0.0124 42.8162 3446.8700 90
96 1.2709 0.7869 108.3474 0.0092 85.2546 0.0117 45.5844 3886.2832 96
100 1.2836 0.7790 113.4500 0.0088 88.3825 0.0113 47.4216 4191.2417 100
108 1.3095 0.7636 123.8093 0.0081 94.5453 0.0106 51.0762 4829.0125 108
120 1.3494 0.7411 139.7414 0.0072 103.5618 0.0097 56.5084 5852.1116 120
240 1.8208 0.5492 328.3020 0.0030 180.3109 0.0055 107.5863 19398.9852 240
360 2.4568 0.4070 582.7369 0.0017 237.1894 0.0042 152.8902 36263.9299 360
Single Payment Equal Payment Series Gradient Series
Compound Present Compound Sinking Present Capital Gradient Gradient
Amount Worth Amount Fund Worth Recovery Uniform Present
Factor Factor Factor Factor Factor Factor Series Worth
N (F/P,i,N) (P/F,i,N) (F/A,i,N) (A/F,i,N) (P/A,i,N) (A/P,i,N) (A/G,i,N) (P/G,i,N) N
1 1.0050 0.9950 1.0000 1.0000 0.9950 1.0050 0.0000 0.0000 1
2 1.0100 0.9901 2.0050 0.4988 1.9851 0.5038 0.4988 0.9901 2
3 1.0151 0.9851 3.0150 0.3317 2.9702 0.3367 0.9967 2.9604 3
4 1.0202 0.9802 4.0301 0.2481 3.9505 0.2531 1.4938 5.9011 4
5 1.0253 0.9754 5.0503 0.1980 4.9259 0.2030 1.9900 9.8026 5
6 1.0304 0.9705 6.0755 0.1646 5.8964 0.1696 2.4855 14.6552 6
7 1.0355 0.9657 7.1059 0.1407 6.8621 0.1457 2.9801 20.4493 7
8 1.0407 0.9609 8.1414 0.1228 7.8230 0.1278 3.4738 27.1755 8
9 1.0459 0.9561 9.1821 0.1089 8.7791 0.1139 3.9668 34.8244 9
10 1.0511 0.9513 10.2280 0.0978 9.7304 0.1028 4.4589 43.3865 10
11 1.0564 0.9466 11.2792 0.0887 10.6770 0.0937 4.9501 52.8526 11
12 1.0617 0.9419 12.3356 0.0811 11.6189 0.0861 5.4406 63.2136 12
13 1.0670 0.9372 13.3972 0.0746 12.5562 0.0796 5.9302 74.4602 13
14 1.0723 0.9326 14.4642 0.0691 13.4887 0.0741 6.4190 86.5835 14
15 1.0777 0.9279 15.5365 0.0644 14.4166 0.0694 6.9069 99.5743 15
16 1.0831 0.9233 16.6142 0.0602 15.3399 0.0652 7.3940 113.4238 16
17 1.0885 0.9187 17.6973 0.0565 16.2586 0.0615 7.8803 128.1231 17
18 1.0939 0.9141 18.7858 0.0532 17.1728 0.0582 8.3658 143.6634 18
19 1.0994 0.9096 19.8797 0.0503 18.0824 0.0553 8.8504 160.0360 19
20 1.1049 0.9051 20.9791 0.0477 18.9874 0.0527 9.3342 177.2322 20
21 1.1104 0.9006 22.0840 0.0453 19.8880 0.0503 9.8172 195.2434 21
22 1.1160 0.8961 23.1944 0.0431 20.7841 0.0481 10.2993 214.0611 22
23 1.1216 0.8916 24.3104 0.0411 21.6757 0.0461 10.7806 233.6768 23
24 1.1272 0.8872 25.4320 0.0393 22.5629 0.0443 11.2611 254.0820 24
25 1.1328 0.8828 26.5591 0.0377 23.4456 0.0427 11.7407 275.2686 25
26 1.1385 0.8784 27.6919 0.0361 24.3240 0.0411 12.2195 297.2281 26
27 1.1442 0.8740 28.8304 0.0347 25.1980 0.0397 12.6975 319.9523 27
28 1.1499 0.8697 29.9745 0.0334 26.0677 0.0384 13.1747 343.4332 28
29 1.1556 0.8653 31.1244 0.0321 26.9330 0.0371 13.6510 367.6625 29
30 1.1614 0.8610 32.2800 0.0310 27.7941 0.0360 14.1265 392.6324 30
31 1.1672 0.8567 33.4414 0.0299 28.6508 0.0349 14.6012 418.3348 31
32 1.1730 0.8525 34.6086 0.0289 29.5033 0.0339 15.0750 444.7618 32
33 1.1789 0.8482 35.7817 0.0279 30.3515 0.0329 15.5480 471.9055 33
34 1.1848 0.8440 36.9606 0.0271 31.1955 0.0321 16.0202 499.7583 34
35 1.1907 0.8398 38.1454 0.0262 32.0354 0.0312 16.4915 528.3123 35
36 1.1967 0.8356 39.3361 0.0254 32.8710 0.0304 16.9621 557.5598 36
40 1.2208 0.8191 44.1588 0.0226 36.1722 0.0276 18.8359 681.3347 40
48 1.2705 0.7871 54.0978 0.0185 42.5803 0.0235 22.5437 959.9188 48
50 1.2832 0.7793 56.6452 0.0177 44.1428 0.0227 23.4624 1035.6966 50
60 1.3489 0.7414 69.7700 0.0143 51.7256 0.0193 28.0064 1448.6458 60
72 1.4320 0.6983 86.4089 0.0116 60.3395 0.0166 33.3504 2012.3478 72
80 1.4903 0.6710 98.0677 0.0102 65.8023 0.0152 36.8474 2424.6455 80
84 1.5204 0.6577 104.0739 0.0096 68.4530 0.0146 38.5763 2640.6641 84
90 1.5666 0.6383 113.3109 0.0088 72.3313 0.0138 41.1451 2976.0769 90
96 1.6141 0.6195 122.8285 0.0081 76.0952 0.0131 43.6845 3324.1846 96
100 1.6467 0.6073 129.3337 0.0077 78.5426 0.0127 45.3613 3562.7934 100
108 1.7137 0.5835 142.7399 0.0070 83.2934 0.0120 48.6758 4054.3747 108
120 1.8194 0.5496 163.8793 0.0061 90.0735 0.0111 53.5508 4823.5051 120
240 3.3102 0.3021 462.0409 0.0022 139.5808 0.0072 96.1131 13415.5395 240
360 6.0226 0.1660 1004.5150 0.0010 166.7916 0.0060 128.3236 21403.3041 360
APPENDIX A Interest Factors for Discrete Compounding 871
0.50%
Single Payment Equal Payment Series Gradient Series
Compound Present Compound Sinking Present Capital Gradient Gradient
Amount Worth Amount Fund Worth Recovery Uniform Present
Factor Factor Factor Factor Factor Factor Series Worth
N (F/P,i,N) (P/F,i,N) (F/A,i,N) (A/F,i,N) (P/A,i,N) (A/P,i,N) (A/G,i,N) (P/G,i,N) N
1 1.0075 0.9926 1.0000 1.0000 0.9926 1.0075 0.0000 0.0000 1
2 1.0151 0.9852 2.0075 0.4981 1.9777 0.5056 0.4981 0.9852 2
3 1.0227 0.9778 3.0226 0.3308 2.9556 0.3383 0.9950 2.9408 3
4 1.0303 0.9706 4.0452 0.2472 3.9261 0.2547 1.4907 5.8525 4
5 1.0381 0.9633 5.0756 0.1970 4.8894 0.2045 1.9851 9.7058 5
6 1.0459 0.9562 6.1136 0.1636 5.8456 0.1711 2.4782 14.4866 6
7 1.0537 0.9490 7.1595 0.1397 6.7946 0.1472 2.9701 20.1808 7
8 1.0616 0.9420 8.2132 0.1218 7.7366 0.1293 3.4608 26.7747 8
9 1.0696 0.9350 9.2748 0.1078 8.6716 0.1153 3.9502 34.2544 9
10 1.0776 0.9280 10.3443 0.0967 9.5996 0.1042 4.4384 42.6064 10
11 1.0857 0.9211 11.4219 0.0876 10.5207 0.0951 4.9253 51.8174 11
12 1.0938 0.9142 12.5076 0.0800 11.4349 0.0875 5.4110 61.8740 12
13 1.1020 0.9074 13.6014 0.0735 12.3423 0.0810 5.8954 72.7632 13
14 1.1103 0.9007 14.7034 0.0680 13.2430 0.0755 6.3786 84.4720 14
15 1.1186 0.8940 15.8137 0.0632 14.1370 0.0707 6.8606 96.9876 15
16 1.1270 0.8873 16.9323 0.0591 15.0243 0.0666 7.3413 110.2973 16
17 1.1354 0.8807 18.0593 0.0554 15.9050 0.0629 7.8207 124.3887 17
18 1.1440 0.8742 19.1947 0.0521 16.7792 0.0596 8.2989 139.2494 18
19 1.1525 0.8676 20.3387 0.0492 17.6468 0.0567 8.7759 154.8671 19
20 1.1612 0.8612 21.4912 0.0465 18.5080 0.0540 9.2516 171.2297 20
21 1.1699 0.8548 22.6524 0.0441 19.3628 0.0516 9.7261 188.3253 21
22 1.1787 0.8484 23.8223 0.0420 20.2112 0.0495 10.1994 206.1420 22
23 1.1875 0.8421 25.0010 0.0400 21.0533 0.0475 10.6714 224.6682 23
24 1.1964 0.8358 26.1885 0.0382 21.8891 0.0457 11.1422 243.8923 24
25 1.2054 0.8296 27.3849 0.0365 22.7188 0.0440 11.6117 263.8029 25
26 1.2144 0.8234 28.5903 0.0350 23.5422 0.0425 12.0800 284.3888 26
27 1.2235 0.8173 29.8047 0.0336 24.3595 0.0411 12.5470 305.6387 27
28 1.2327 0.8112 31.0282 0.0322 25.1707 0.0397 13.0128 327.5416 28
29 1.2420 0.8052 32.2609 0.0310 25.9759 0.0385 13.4774 350.0867 29
30 1.2513 0.7992 33.5029 0.0298 26.7751 0.0373 13.9407 373.2631 30
31 1.2607 0.7932 34.7542 0.0288 27.5683 0.0363 14.4028 397.0602 31
32 1.2701 0.7873 36.0148 0.0278 28.3557 0.0353 14.8636 421.4675 32
33 1.2796 0.7815 37.2849 0.0268 29.1371 0.0343 15.3232 446.4746 33
34 1.2892 0.7757 38.5646 0.0259 29.9128 0.0334 15.7816 472.0712 34
35 1.2989 0.7699 39.8538 0.0251 30.6827 0.0326 16.2387 498.2471 35
36 1.3086 0.7641 41.1527 0.0243 31.4468 0.0318 16.6946 524.9924 36
40 1.3483 0.7416 46.4465 0.0215 34.4469 0.0290 18.5058 637.4693 40
48 1.4314 0.6986 57.5207 0.0174 40.1848 0.0249 22.0691 886.8404 48
50 1.4530 0.6883 60.3943 0.0166 41.5664 0.0241 22.9476 953.8486 50
60 1.5657 0.6387 75.4241 0.0133 48.1734 0.0208 27.2665 1313.5189 60
72 1.7126 0.5839 95.0070 0.0105 55.4768 0.0180 32.2882 1791.2463 72
80 1.8180 0.5500 109.0725 0.0092 59.9944 0.0167 35.5391 2132.1472 80
84 1.8732 0.5338 116.4269 0.0086 62.1540 0.0161 37.1357 2308.1283 84
90 1.9591 0.5104 127.8790 0.0078 65.2746 0.0153 39.4946 2577.9961 90
96 2.0489 0.4881 139.8562 0.0072 68.2584 0.0147 41.8107 2853.9352 96
100 2.1111 0.4737 148.1445 0.0068 70.1746 0.0143 43.3311 3040.7453 100
108 2.2411 0.4462 165.4832 0.0060 73.8394 0.0135 46.3154 3419.9041 108
120 2.4514 0.4079 193.5143 0.0052 78.9417 0.0127 50.6521 3998.5621 120
240 6.0092 0.1664 667.8869 0.0015 111.1450 0.0090 85.4210 9494.1162 240
360 14.7306 0.0679 1830.7435 0.0005 124.2819 0.0080 107.1145 13312.3871 360
872 APPENDIX A Interest Factors for Discrete Compounding
0.75%
Single Payment Equal Payment Series Gradient Series
Compound Present Compound Sinking Present Capital Gradient Gradient
Amount Worth Amount Fund Worth Recovery Uniform Present
Factor Factor Factor Factor Factor Factor Series Worth
N (F/P,i,N) (P/F,i,N) (F/A,i,N) (A/F,i,N) (P/A,i,N) (A/P,i,N) (A/G,i,N) (P/G,i,N) N
1 1.0100 0.9901 1.0000 1.0000 0.9901 1.0100 0.0000 0.0000 1
2 1.0201 0.9803 2.0100 0.4975 1.9704 0.5075 0.4975 0.9803 2
3 1.0303 0.9706 3.0301 0.3300 2.9410 0.3400 0.9934 2.9215 3
4 1.0406 0.9610 4.0604 0.2463 3.9020 0.2563 1.4876 5.8044 4
5 1.0510 0.9515 5.1010 0.1960 4.8534 0.2060 1.9801 9.6103 5
6 1.0615 0.9420 6.1520 0.1625 5.7955 0.1725 2.4710 14.3205 6
7 1.0721 0.9327 7.2135 0.1386 6.7282 0.1486 2.9602 19.9168 7
8 1.0829 0.9235 8.2857 0.1207 7.6517 0.1307 3.4478 26.3812 8
9 1.0937 0.9143 9.3685 0.1067 8.5660 0.1167 3.9337 33.6959 9
10 1.1046 0.9053 10.4622 0.0956 9.4713 0.1056 4.4179 41.8435 10
11 1.1157 0.8963 11.5668 0.0865 10.3676 0.0965 4.9005 50.8067 11
12 1.1268 0.8874 12.6825 0.0788 11.2551 0.0888 5.3815 60.5687 12
13 1.1381 0.8787 13.8093 0.0724 12.1337 0.0824 5.8607 71.1126 13
14 1.1495 0.8700 14.9474 0.0669 13.0037 0.0769 6.3384 82.4221 14
15 1.1610 0.8613 16.0969 0.0621 13.8651 0.0721 6.8143 94.4810 15
16 1.1726 0.8528 17.2579 0.0579 14.7179 0.0679 7.2886 107.2734 16
17 1.1843 0.8444 18.4304 0.0543 15.5623 0.0643 7.7613 120.7834 17
18 1.1961 0.8360 19.6147 0.0510 16.3983 0.0610 8.2323 134.9957 18
19 1.2081 0.8277 20.8109 0.0481 17.2260 0.0581 8.7017 149.8950 19
20 1.2202 0.8195 22.0190 0.0454 18.0456 0.0554 9.1694 165.4664 20
21 1.2324 0.8114 23.2392 0.0430 18.8570 0.0530 9.6354 181.6950 21
22 1.2447 0.8034 24.4716 0.0409 19.6604 0.0509 10.0998 198.5663 22
23 1.2572 0.7954 25.7163 0.0389 20.4558 0.0489 10.5626 216.0660 23
24 1.2697 0.7876 26.9735 0.0371 21.2434 0.0471 11.0237 234.1800 24
25 1.2824 0.7798 28.2432 0.0354 22.0232 0.0454 11.4831 252.8945 25
26 1.2953 0.7720 29.5256 0.0339 22.7952 0.0439 11.9409 272.1957 26
27 1.3082 0.7644 30.8209 0.0324 23.5596 0.0424 12.3971 292.0702 27
28 1.3213 0.7568 32.1291 0.0311 24.3164 0.0411 12.8516 312.5047 28
29 1.3345 0.7493 33.4504 0.0299 25.0658 0.0399 13.3044 333.4863 29
30 1.3478 0.7419 34.7849 0.0287 25.8077 0.0387 13.7557 355.0021 30
31 1.3613 0.7346 36.1327 0.0277 26.5423 0.0377 14.2052 377.0394 31
32 1.3749 0.7273 37.4941 0.0267 27.2696 0.0367 14.6532 399.5858 32
33 1.3887 0.7201 38.8690 0.0257 27.9897 0.0357 15.0995 422.6291 33
34 1.4026 0.7130 40.2577 0.0248 28.7027 0.0348 15.5441 446.1572 34
35 1.4166 0.7059 41.6603 0.0240 29.4086 0.0340 15.9871 470.1583 35
36 1.4308 0.6989 43.0769 0.0232 30.1075 0.0332 16.4285 494.6207 36
40 1.4889 0.6717 48.8864 0.0205 32.8347 0.0305 18.1776 596.8561 40
48 1.6122 0.6203 61.2226 0.0163 37.9740 0.0263 21.5976 820.1460 48
50 1.6446 0.6080 64.4632 0.0155 39.1961 0.0255 22.4363 879.4176 50
60 1.8167 0.5504 81.6697 0.0122 44.9550 0.0222 26.5333 1192.8061 60
72 2.0471 0.4885 104.7099 0.0096 51.1504 0.0196 31.2386 1597.8673 72
80 2.2167 0.4511 121.6715 0.0082 54.8882 0.0182 34.2492 1879.8771 80
84 2.3067 0.4335 130.6723 0.0077 56.6485 0.0177 35.7170 2023.3153 84
90 2.4486 0.4084 144.8633 0.0069 59.1609 0.0169 37.8724 2240.5675 90
96 2.5993 0.3847 159.9273 0.0063 61.5277 0.0163 39.9727 2459.4298 96
100 2.7048 0.3697 170.4814 0.0059 63.0289 0.0159 41.3426 2605.7758 100
108 2.9289 0.3414 192.8926 0.0052 65.8578 0.0152 44.0103 2898.4203 108
120 3.3004 0.3030 230.0387 0.0043 69.7005 0.0143 47.8349 3334.1148 120
240 10.8926 0.0918 989.2554 0.0010 90.8194 0.0110 75.7393 6878.6016 240
360 35.9496 0.0278 3494.9641 0.0003 97.2183 0.0103 89.6995 8720.4323 360
APPENDIX A Interest Factors for Discrete Compounding 873
1.0%
Single Payment Equal Payment Series Gradient Series
Compound Present Compound Sinking Present Capital Gradient Gradient
Amount Worth Amount Fund Worth Recovery Uniform Present
Factor Factor Factor Factor Factor Factor Series Worth
N (F/P,i,N) (P/F,i,N) (F/A,i,N) (A/F,i,N) (P/A,i,N) (A/P,i,N) (A/G,i,N) (P/G,i,N) N
1 1.0125 0.9877 1.0000 1.0000 0.9877 1.0125 0.0000 0.0000 1
2 1.0252 0.9755 2.0125 0.4969 1.9631 0.5094 0.4969 0.9755 2
3 1.0380 0.9634 3.0377 0.3292 2.9265 0.3417 0.9917 2.9023 3
4 1.0509 0.9515 4.0756 0.2454 3.8781 0.2579 1.4845 5.7569 4
5 1.0641 0.9398 5.1266 0.1951 4.8178 0.2076 1.9752 9.5160 5
6 1.0774 0.9282 6.1907 0.1615 5.7460 0.1740 2.4638 14.1569 6
7 1.0909 0.9167 7.2680 0.1376 6.6627 0.1501 2.9503 19.6571 7
8 1.1045 0.9054 8.3589 0.1196 7.5681 0.1321 3.4348 25.9949 8
9 1.1183 0.8942 9.4634 0.1057 8.4623 0.1182 3.9172 33.1487 9
10 1.1323 0.8832 10.5817 0.0945 9.3455 0.1070 4.3975 41.0973 10
11 1.1464 0.8723 11.7139 0.0854 10.2178 0.0979 4.8758 49.8201 11
12 1.1608 0.8615 12.8604 0.0778 11.0793 0.0903 5.3520 59.2967 12
13 1.1753 0.8509 14.0211 0.0713 11.9302 0.0838 5.8262 69.5072 13
14 1.1900 0.8404 15.1964 0.0658 12.7706 0.0783 6.2982 80.4320 14
15 1.2048 0.8300 16.3863 0.0610 13.6005 0.0735 6.7682 92.0519 15
16 1.2199 0.8197 17.5912 0.0568 14.4203 0.0693 7.2362 104.3481 16
17 1.2351 0.8096 18.8111 0.0532 15.2299 0.0657 7.7021 117.3021 17
18 1.2506 0.7996 20.0462 0.0499 16.0295 0.0624 8.1659 130.8958 18
19 1.2662 0.7898 21.2968 0.0470 16.8193 0.0595 8.6277 145.1115 19
20 1.2820 0.7800 22.5630 0.0443 17.5993 0.0568 9.0874 159.9316 20
21 1.2981 0.7704 23.8450 0.0419 18.3697 0.0544 9.5450 175.3392 21
22 1.3143 0.7609 25.1431 0.0398 19.1306 0.0523 10.0006 191.3174 22
23 1.3307 0.7515 26.4574 0.0378 19.8820 0.0503 10.4542 207.8499 23
24 1.3474 0.7422 27.7881 0.0360 20.6242 0.0485 10.9056 224.9204 24
25 1.3642 0.7330 29.1354 0.0343 21.3573 0.0468 11.3551 242.5132 25
26 1.3812 0.7240 30.4996 0.0328 22.0813 0.0453 11.8024 260.6128 26
27 1.3985 0.7150 31.8809 0.0314 22.7963 0.0439 12.2478 279.2040 27
28 1.4160 0.7062 33.2794 0.0300 23.5025 0.0425 12.6911 298.2719 28
29 1.4337 0.6975 34.6954 0.0288 24.2000 0.0413 13.1323 317.8019 29
30 1.4516 0.6889 36.1291 0.0277 24.8889 0.0402 13.5715 337.7797 30
31 1.4698 0.6804 37.5807 0.0266 25.5693 0.0391 14.0086 358.1912 31
32 1.4881 0.6720 39.0504 0.0256 26.2413 0.0381 14.4438 379.0227 32
33 1.5067 0.6637 40.5386 0.0247 26.9050 0.0372 14.8768 400.2607 33
34 1.5256 0.6555 42.0453 0.0238 27.5605 0.0363 15.3079 421.8920 34
35 1.5446 0.6474 43.5709 0.0230 28.2079 0.0355 15.7369 443.9037 35
36 1.5639 0.6394 45.1155 0.0222 28.8473 0.0347 16.1639 466.2830 36
40 1.6436 0.6084 51.4896 0.0194 31.3269 0.0319 17.8515 559.2320 40
48 1.8154 0.5509 65.2284 0.0153 35.9315 0.0278 21.1299 759.2296 48
50 1.8610 0.5373 68.8818 0.0145 37.0129 0.0270 21.9295 811.6738 50
60 2.1072 0.4746 88.5745 0.0113 42.0346 0.0238 25.8083 1084.8429 60
72 2.4459 0.4088 115.6736 0.0086 47.2925 0.0211 30.2047 1428.4561 72
80 2.7015 0.3702 136.1188 0.0073 50.3867 0.0198 32.9822 1661.8651 80
84 2.8391 0.3522 147.1290 0.0068 51.8222 0.0193 34.3258 1778.8384 84
90 3.0588 0.3269 164.7050 0.0061 53.8461 0.0186 36.2855 1953.8303 90
96 3.2955 0.3034 183.6411 0.0054 55.7246 0.0179 38.1793 2127.5244 96
100 3.4634 0.2887 197.0723 0.0051 56.9013 0.0176 39.4058 2242.2411 100
108 3.8253 0.2614 226.0226 0.0044 59.0865 0.0169 41.7737 2468.2636 108
120 4.4402 0.2252 275.2171 0.0036 61.9828 0.0161 45.1184 2796.5694 120
240 19.7155 0.0507 1497.2395 0.0007 75.9423 0.0132 67.1764 5101.5288 240
360 87.5410 0.0114 6923.2796 0.0001 79.0861 0.0126 75.8401 5997.9027 360
874 APPENDIX A Interest Factors for Discrete Compounding
1.25%
Single Payment Equal Payment Series Gradient Series
Compound Present Compound Sinking Present Capital Gradient Gradient
Amount Worth Amount Fund Worth Recovery Uniform Present
Factor Factor Factor Factor Factor Factor Series Worth
N (F/P,i,N) (P/F,i,N) (F/A,i,N) (A/F,i,N) (P/A,i,N) (A/P,i,N) (A/G,i,N) (P/G,i,N) N
1 1.0150 0.9852 1.0000 1.0000 0.9852 1.0150 0.0000 0.0000 1
2 1.0302 0.9707 2.0150 0.4963 1.9559 0.5113 0.4963 0.9707 2
3 1.0457 0.9563 3.0452 0.3284 2.9122 0.3434 0.9901 2.8833 3
4 1.0614 0.9422 4.0909 0.2444 3.8544 0.2594 1.4814 5.7098 4
5 1.0773 0.9283 5.1523 0.1941 4.7826 0.2091 1.9702 9.4229 5
6 1.0934 0.9145 6.2296 0.1605 5.6972 0.1755 2.4566 13.9956 6
7 1.1098 0.9010 7.3230 0.1366 6.5982 0.1516 2.9405 19.4018 7
8 1.1265 0.8877 8.4328 0.1186 7.4859 0.1336 3.4219 25.6157 8
9 1.1434 0.8746 9.5593 0.1046 8.3605 0.1196 3.9008 32.6125 9
10 1.1605 0.8617 10.7027 0.0934 9.2222 0.1084 4.3772 40.3675 10
11 1.1779 0.8489 11.8633 0.0843 10.0711 0.0993 4.8512 48.8568 11
12 1.1956 0.8364 13.0412 0.0767 10.9075 0.0917 5.3227 58.0571 12
13 1.2136 0.8240 14.2368 0.0702 11.7315 0.0852 5.7917 67.9454 13
14 1.2318 0.8118 15.4504 0.0647 12.5434 0.0797 6.2582 78.4994 14
15 1.2502 0.7999 16.6821 0.0599 13.3432 0.0749 6.7223 89.6974 15
16 1.2690 0.7880 17.9324 0.0558 14.1313 0.0708 7.1839 101.5178 16
17 1.2880 0.7764 19.2014 0.0521 14.9076 0.0671 7.6431 113.9400 17
18 1.3073 0.7649 20.4894 0.0488 15.6726 0.0638 8.0997 126.9435 18
19 1.3270 0.7536 21.7967 0.0459 16.4262 0.0609 8.5539 140.5084 19
20 1.3469 0.7425 23.1237 0.0432 17.1686 0.0582 9.0057 154.6154 20
21 1.3671 0.7315 24.4705 0.0409 17.9001 0.0559 9.4550 169.2453 21
22 1.3876 0.7207 25.8376 0.0387 18.6208 0.0537 9.9018 184.3798 22
23 1.4084 0.7100 27.2251 0.0367 19.3309 0.0517 10.3462 200.0006 23
24 1.4295 0.6995 28.6335 0.0349 20.0304 0.0499 10.7881 216.0901 24
25 1.4509 0.6892 30.0630 0.0333 20.7196 0.0483 11.2276 232.6310 25
26 1.4727 0.6790 31.5140 0.0317 21.3986 0.0467 11.6646 249.6065 26
27 1.4948 0.6690 32.9867 0.0303 22.0676 0.0453 12.0992 267.0002 27
28 1.5172 0.6591 34.4815 0.0290 22.7267 0.0440 12.5313 284.7958 28
29 1.5400 0.6494 35.9987 0.0278 23.3761 0.0428 12.9610 302.9779 29
30 1.5631 0.6398 37.5387 0.0266 24.0158 0.0416 13.3883 321.5310 30
31 1.5865 0.6303 39.1018 0.0256 24.6461 0.0406 13.8131 340.4402 31
32 1.6103 0.6210 40.6883 0.0246 25.2671 0.0396 14.2355 359.6910 32
33 1.6345 0.6118 42.2986 0.0236 25.8790 0.0386 14.6555 379.2691 33
34 1.6590 0.6028 43.9331 0.0228 26.4817 0.0378 15.0731 399.1607 34
35 1.6839 0.5939 45.5921 0.0219 27.0756 0.0369 15.4882 419.3521 35
36 1.7091 0.5851 47.2760 0.0212 27.6607 0.0362 15.9009 439.8303 36
40 1.8140 0.5513 54.2679 0.0184 29.9158 0.0334 17.5277 524.3568 40
48 2.0435 0.4894 69.5652 0.0144 34.0426 0.0294 20.6667 703.5462 48
50 2.1052 0.4750 73.6828 0.0136 34.9997 0.0286 21.4277 749.9636 50
60 2.4432 0.4093 96.2147 0.0104 39.3803 0.0254 25.0930 988.1674 60
72 2.9212 0.3423 128.0772 0.0078 43.8447 0.0228 29.1893 1279.7938 72
80 3.2907 0.3039 152.7109 0.0065 46.4073 0.0215 31.7423 1473.0741 80
84 3.4926 0.2863 166.1726 0.0060 47.5786 0.0210 32.9668 1568.5140 84
90 3.8189 0.2619 187.9299 0.0053 49.2099 0.0203 34.7399 1709.5439 90
96 4.1758 0.2395 211.7202 0.0047 50.7017 0.0197 36.4381 1847.4725 96
100 4.4320 0.2256 228.8030 0.0044 51.6247 0.0194 37.5295 1937.4506 100
108 4.9927 0.2003 266.1778 0.0038 53.3137 0.0188 39.6171 2112.1348 108
120 5.9693 0.1675 331.2882 0.0030 55.4985 0.0180 42.5185 2359.7114 120
240 35.6328 0.0281 2308.8544 0.0004 64.7957 0.0154 59.7368 3870.6912 240
360 212.7038 0.0047 14113.5854 0.0001 66.3532 0.0151 64.9662 4310.7165 360
APPENDIX A Interest Factors for Discrete Compounding 875
1.5%
Single Payment Equal Payment Series Gradient Series
Compound Present Compound Sinking Present Capital Gradient Gradient
Amount Worth Amount Fund Worth Recovery Uniform Present
Factor Factor Factor Factor Factor Factor Series Worth
N (F/P,i,N) (P/F,i,N) (F/A,i,N) (A/F,i,N) (P/A,i,N) (A/P,i,N) (A/G,i,N) (P/G,i,N) N
1 1.0175 0.9828 1.0000 1.0000 0.9828 1.0175 0.0000 0.0000 1
2 1.0353 0.9659 2.0175 0.4957 1.9487 0.5132 0.4957 0.9659 2
3 1.0534 0.9493 3.0528 0.3276 2.8980 0.3451 0.9884 2.8645 3
4 1.0719 0.9330 4.1062 0.2435 3.8309 0.2610 1.4783 5.6633 4
5 1.0906 0.9169 5.1781 0.1931 4.7479 0.2106 1.9653 9.3310 5
6 1.1097 0.9011 6.2687 0.1595 5.6490 0.1770 2.4494 13.8367 6
7 1.1291 0.8856 7.3784 0.1355 6.5346 0.1530 2.9306 19.1506 7
8 1.1489 0.8704 8.5075 0.1175 7.4051 0.1350 3.4089 25.2435 8
9 1.1690 0.8554 9.6564 0.1036 8.2605 0.1211 3.8844 32.0870 9
10 1.1894 0.8407 10.8254 0.0924 9.1012 0.1099 4.3569 39.6535 10
11 1.2103 0.8263 12.0148 0.0832 9.9275 0.1007 4.8266 47.9162 11
12 1.2314 0.8121 13.2251 0.0756 10.7395 0.0931 5.2934 56.8489 12
13 1.2530 0.7981 14.4565 0.0692 11.5376 0.0867 5.7573 66.4260 13
14 1.2749 0.7844 15.7095 0.0637 12.3220 0.0812 6.2184 76.6227 14
15 1.2972 0.7709 16.9844 0.0589 13.0929 0.0764 6.6765 87.4149 15
16 1.3199 0.7576 18.2817 0.0547 13.8505 0.0722 7.1318 98.7792 16
17 1.3430 0.7446 19.6016 0.0510 14.5951 0.0685 7.5842 110.6926 17
18 1.3665 0.7318 20.9446 0.0477 15.3269 0.0652 8.0338 123.1328 18
19 1.3904 0.7192 22.3112 0.0448 16.0461 0.0623 8.4805 136.0783 19
20 1.4148 0.7068 23.7016 0.0422 16.7529 0.0597 8.9243 149.5080 20
21 1.4395 0.6947 25.1164 0.0398 17.4475 0.0573 9.3653 163.4013 21
22 1.4647 0.6827 26.5559 0.0377 18.1303 0.0552 9.8034 177.7385 22
23 1.4904 0.6710 28.0207 0.0357 18.8012 0.0532 10.2387 192.5000 23
24 1.5164 0.6594 29.5110 0.0339 19.4607 0.0514 10.6711 207.6671 24
25 1.5430 0.6481 31.0275 0.0322 20.1088 0.0497 11.1007 223.2214 25
26 1.5700 0.6369 32.5704 0.0307 20.7457 0.0482 11.5274 239.1451 26
27 1.5975 0.6260 34.1404 0.0293 21.3717 0.0468 11.9513 255.4210 27
28 1.6254 0.6152 35.7379 0.0280 21.9870 0.0455 12.3724 272.0321 28
29 1.6539 0.6046 37.3633 0.0268 22.5916 0.0443 12.7907 288.9623 29
30 1.6828 0.5942 39.0172 0.0256 23.1858 0.0431 13.2061 306.1954 30
31 1.7122 0.5840 40.7000 0.0246 23.7699 0.0421 13.6188 323.7163 31
32 1.7422 0.5740 42.4122 0.0236 24.3439 0.0411 14.0286 341.5097 32
33 1.7727 0.5641 44.1544 0.0226 24.9080 0.0401 14.4356 359.5613 33
34 1.8037 0.5544 45.9271 0.0218 25.4624 0.0393 14.8398 377.8567 34
35 1.8353 0.5449 47.7308 0.0210 26.0073 0.0385 15.2412 396.3824 35
36 1.8674 0.5355 49.5661 0.0202 26.5428 0.0377 15.6399 415.1250 36
40 2.0016 0.4996 57.2341 0.0175 28.5942 0.0350 17.2066 492.0109 40
48 2.2996 0.4349 74.2628 0.0135 32.2938 0.0310 20.2084 652.6054 48
50 2.3808 0.4200 78.9022 0.0127 33.1412 0.0302 20.9317 693.7010 50
60 2.8318 0.3531 104.6752 0.0096 36.9640 0.0271 24.3885 901.4954 60
72 3.4872 0.2868 142.1263 0.0070 40.7564 0.0245 28.1948 1149.1181 72
80 4.0064 0.2496 171.7938 0.0058 42.8799 0.0233 30.5329 1309.2482 80
84 4.2943 0.2329 188.2450 0.0053 43.8361 0.0228 31.6442 1387.1584 84
90 4.7654 0.2098 215.1646 0.0046 45.1516 0.0221 33.2409 1500.8798 90
96 5.2882 0.1891 245.0374 0.0041 46.3370 0.0216 34.7556 1610.4716 96
100 5.6682 0.1764 266.7518 0.0037 47.0615 0.0212 35.7211 1681.0886 100
108 6.5120 0.1536 314.9738 0.0032 48.3679 0.0207 37.5494 1816.1852 108
120 8.0192 0.1247 401.0962 0.0025 50.0171 0.0200 40.0469 2003.0269 120
240 64.3073 0.0156 3617.5602 0.0003 56.2543 0.0178 53.3518 3001.2678 240
360 515.6921 0.0019 29410.9747 0.0000 57.0320 0.0175 56.4434 3219.0833 360
876 APPENDIX A Interest Factors for Discrete Compounding
1.75%
Single Payment Equal Payment Series Gradient Series
Compound Present Compound Sinking Present Capital Gradient Gradient
Amount Worth Amount Fund Worth Recovery Uniform Present
Factor Factor Factor Factor Factor Factor Series Worth
N (F/P,i,N) (P/F,i,N) (F/A,i,N) (A/F,i,N) (P/A,i,N) (A/P,i,N) (A/G,i,N) (P/G,i,N) N
1 1.0200 0.9804 1.0000 1.0000 0.9804 1.0200 0.0000 0.0000 1
2 1.0404 0.9612 2.0200 0.4950 1.9416 0.5150 0.4950 0.9612 2
3 1.0612 0.9423 3.0604 0.3268 2.8839 0.3468 0.9868 2.8458 3
4 1.0824 0.9238 4.1216 0.2426 3.8077 0.2626 1.4752 5.6173 4
5 1.1041 0.9057 5.2040 0.1922 4.7135 0.2122 1.9604 9.2403 5
6 1.1262 0.8880 6.3081 0.1585 5.6014 0.1785 2.4423 13.6801 6
7 1.1487 0.8706 7.4343 0.1345 6.4720 0.1545 2.9208 18.9035 7
8 1.1717 0.8535 8.5830 0.1165 7.3255 0.1365 3.3961 24.8779 8
9 1.1951 0.8368 9.7546 0.1025 8.1622 0.1225 3.8681 31.5720 9
10 1.2190 0.8203 10.9497 0.0913 8.9826 0.1113 4.3367 38.9551 10
11 1.2434 0.8043 12.1687 0.0822 9.7868 0.1022 4.8021 46.9977 11
12 1.2682 0.7885 13.4121 0.0746 10.5753 0.0946 5.2642 55.6712 12
13 1.2936 0.7730 14.6803 0.0681 11.3484 0.0881 5.7231 64.9475 13
14 1.3195 0.7579 15.9739 0.0626 12.1062 0.0826 6.1786 74.7999 14
15 1.3459 0.7430 17.2934 0.0578 12.8493 0.0778 6.6309 85.2021 15
16 1.3728 0.7284 18.6393 0.0537 13.5777 0.0737 7.0799 96.1288 16
17 1.4002 0.7142 20.0121 0.0500 14.2919 0.0700 7.5256 107.5554 17
18 1.4282 0.7002 21.4123 0.0467 14.9920 0.0667 7.9681 119.4581 18
19 1.4568 0.6864 22.8406 0.0438 15.6785 0.0638 8.4073 131.8139 19
20 1.4859 0.6730 24.2974 0.0412 16.3514 0.0612 8.8433 144.6003 20
21 1.5157 0.6598 25.7833 0.0388 17.0112 0.0588 9.2760 157.7959 21
22 1.5460 0.6468 27.2990 0.0366 17.6580 0.0566 9.7055 171.3795 22
23 1.5769 0.6342 28.8450 0.0347 18.2922 0.0547 10.1317 185.3309 23
24 1.6084 0.6217 30.4219 0.0329 18.9139 0.0529 10.5547 199.6305 24
25 1.6406 0.6095 32.0303 0.0312 19.5235 0.0512 10.9745 214.2592 25
26 1.6734 0.5976 33.6709 0.0297 20.1210 0.0497 11.3910 229.1987 26
27 1.7069 0.5859 35.3443 0.0283 20.7069 0.0483 11.8043 244.4311 27
28 1.7410 0.5744 37.0512 0.0270 21.2813 0.0470 12.2145 259.9392 28
29 1.7758 0.5631 38.7922 0.0258 21.8444 0.0458 12.6214 275.7064 29
30 1.8114 0.5521 40.5681 0.0246 22.3965 0.0446 13.0251 291.7164 30
31 1.8476 0.5412 42.3794 0.0236 22.9377 0.0436 13.4257 307.9538 31
32 1.8845 0.5306 44.2270 0.0226 23.4683 0.0426 13.8230 324.4035 32
33 1.9222 0.5202 46.1116 0.0217 23.9886 0.0417 14.2172 341.0508 33
34 1.9607 0.5100 48.0338 0.0208 24.4986 0.0408 14.6083 357.8817 34
35 1.9999 0.5000 49.9945 0.0200 24.9986 0.0400 14.9961 374.8826 35
36 2.0399 0.4902 51.9944 0.0192 25.4888 0.0392 15.3809 392.0405 36
40 2.2080 0.4529 60.4020 0.0166 27.3555 0.0366 16.8885 461.9931 40
48 2.5871 0.3865 79.3535 0.0126 30.6731 0.0326 19.7556 605.9657 48
50 2.6916 0.3715 84.5794 0.0118 31.4236 0.0318 20.4420 642.3606 50
60 3.2810 0.3048 114.0515 0.0088 34.7609 0.0288 23.6961 823.6975 60
72 4.1611 0.2403 158.0570 0.0063 37.9841 0.0263 27.2234 1034.0557 72
80 4.8754 0.2051 193.7720 0.0052 39.7445 0.0252 29.3572 1166.7868 80
84 5.2773 0.1895 213.8666 0.0047 40.5255 0.0247 30.3616 1230.4191 84
90 5.9431 0.1683 247.1567 0.0040 41.5869 0.0240 31.7929 1322.1701 90
96 6.6929 0.1494 284.6467 0.0035 42.5294 0.0235 33.1370 1409.2973 96
100 7.2446 0.1380 312.2323 0.0032 43.0984 0.0232 33.9863 1464.7527 100
108 8.4883 0.1178 374.4129 0.0027 44.1095 0.0227 35.5774 1569.3025 108
120 10.7652 0.0929 488.2582 0.0020 45.3554 0.0220 37.7114 1710.4160 120
240 115.8887 0.0086 5744.4368 0.0002 49.5686 0.0202 47.9110 2374.8800 240
360 1247.5611 0.0008 62328.0564 0.0000 49.9599 0.0200 49.7112 2483.5679 360
APPENDIX A Interest Factors for Discrete Compounding 877
2.0%
Single Payment Equal Payment Series Gradient Series
Compound Present Compound Sinking Present Capital Gradient Gradient
Amount Worth Amount Fund Worth Recovery Uniform Present
Factor Factor Factor Factor Factor Factor Series Worth
N (F/P,i,N) (P/F,i,N) (F/A,i,N) (A/F,i,N) (P/A,i,N) (A/P,i,N) (A/G,i,N) (P/G,i,N) N
1 1.0300 0.9709 1.0000 1.0000 0.9709 1.0300 0.0000 0.0000 1
2 1.0609 0.9426 2.0300 0.4926 1.9135 0.5226 0.4926 0.9426 2
3 1.0927 0.9151 3.0909 0.3235 2.8286 0.3535 0.9803 2.7729 3
4 1.1255 0.8885 4.1836 0.2390 3.7171 0.2690 1.4631 5.4383 4
5 1.1593 0.8626 5.3091 0.1884 4.5797 0.2184 1.9409 8.8888 5
6 1.1941 0.8375 6.4684 0.1546 5.4172 0.1846 2.4138 13.0762 6
7 1.2299 0.8131 7.6625 0.1305 6.2303 0.1605 2.8819 17.9547 7
8 1.2668 0.7894 8.8923 0.1125 7.0197 0.1425 3.3450 23.4806 8
9 1.3048 0.7664 10.1591 0.0984 7.7861 0.1284 3.8032 29.6119 9
10 1.3439 0.7441 11.4639 0.0872 8.5302 0.1172 4.2565 36.3088 110
11 1.3842 0.7224 12.8078 0.0781 9.2526 0.1081 4.7049 43.5330 11
12 1.4258 0.7014 14.1920 0.0705 9.9540 0.1005 5.1485 51.2482 12
13 1.4685 0.6810 15.6178 0.0640 10.6350 0.0940 5.5872 59.4196 13
14 1.5126 0.6611 17.0863 0.0585 11.2961 0.0885 6.0210 68.0141 14
15 1.5580 0.6419 18.5989 0.0538 11.9379 0.0838 6.4500 77.0002 15
16 1.6047 0.6232 20.1569 0.0496 12.5611 0.0796 6.8742 86.3477 16
17 1.6528 0.6050 21.7616 0.0460 13.1661 0.0760 7.2936 96.0280 17
18 1.7024 0.5874 23.4144 0.0427 13.7535 0.0727 7.7081 106.0137 18
19 1.7535 0.5703 25.1169 0.0398 14.3238 0.0698 8.1179 116.2788 19
20 1.8061 0.5537 26.8704 0.0372 14.8775 0.0672 8.5229 126.7987 20
21 1.8603 0.5375 28.6765 0.0349 15.4150 0.0649 8.9231 137.5496 21
22 1.9161 0.5219 30.5368 0.0327 15.9396 0.0627 9.3186 148.5094 22
23 1.9736 0.5067 32.4529 0.0308 16.4436 0.0608 9.7093 159.6566 23
24 2.0328 0.4919 34.4265 0.0290 16.9355 0.0590 10.0954 170.9711 24
25 2.0938 0.4776 36.4593 0.0274 17.4131 0.0574 10.4768 182.4336 25
26 2.1566 0.4637 38.5530 0.0259 17.8768 0.0559 10.8535 194.0260 26
27 2.2213 0.4502 40.7096 0.0246 18.3270 0.0546 11.2255 205.7309 27
28 2.2879 0.4371 42.9309 0.0233 18.7641 0.0533 11.5930 217.5320 28
29 2.3566 0.4243 45.2189 0.0221 19.1885 0.0521 11.9558 229.4137 29
30 2.4273 0.4120 47.5754 0.0210 19.6004 0.0510 12.3141 241.3613 30
31 2.5001 0.4000 50.0027 0.0200 20.0004 0.0500 12.6678 253.3609 31
32 2.5751 0.3883 52.5028 0.0190 20.3888 0.0490 13.0169 265.3993 32
33 2.6523 0.3770 55.0778 0.0182 20.7658 0.0482 13.3616 277.4642 33
34 2.7319 0.3660 57.7302 0.0173 21.1318 0.0473 13.7018 289.5437 34
35 2.8139 0.3554 60.4621 0.0165 21.4872 0.0465 14.0375 301.6267 35
40 3.2620 0.3066 75.4013 0.0133 23.1148 0.0433 15.6502 361.7499 40
45 3.7816 0.2644 92.7199 0.0108 24.5187 0.0408 17.1556 420.6325 45
50 4.3839 0.2281 112.7969 0.0089 25.7298 0.0389 18.5575 477.4803 50
55 5.0821 0.1968 136.0716 0.0073 26.7744 0.0373 19.8600 531.7411 55
60 5.8916 0.1697 163.0534 0.0061 27.6756 0.0361 21.0674 583.0526 60
65 6.8300 0.1464 194.3328 0.0051 28.4529 0.0351 22.1841 631.2010 65
70 7.9178 0.1263 230.5941 0.0043 29.1234 0.0343 23.2145 676.0869 70
75 9.1789 0.1089 272.6309 0.0037 29.7018 0.0337 24.1634 717.6978 75
80 10.6409 0.0940 321.3630 0.0031 30.2008 0.0331 25.0353 756.0865 80
85 12.3357 0.0811 377.8570 0.0026 30.6312 0.0326 25.8349 791.3529 85
90 14.3005 0.0699 443.3489 0.0023 31.0024 0.0323 26.5667 823.6302 90
95 16.5782 0.0603 519.2720 0.0019 31.3227 0.0319 27.2351 853.0742 95
100 19.2186 0.0520 607.2877 0.0016 31.5989 0.0316 27.8444 879.8540 100
878 APPENDIX A Interest Factors for Discrete Compounding
3.0%
Single Payment Equal Payment Series Gradient Series
Compound Present Compound Sinking Present Capital Gradient Gradient
Amount Worth Amount Fund Worth Recovery Uniform Present
Factor Factor Factor Factor Factor Factor Series Worth
N (F/P,i,N) (P/F,i,N) (F/A,i,N) (A/F,i,N) (P/A,i,N) (A/P,i,N) (A/G,i,N) (P/G,i,N) N
1 1.0400 0.9615 1.0000 1.0000 0.9615 1.0400 0.0000 0.0000 1
2 1.0816 0.9246 2.0400 0.4902 1.8861 0.5302 0.4902 0.9246 2
3 1.1249 0.8890 3.1216 0.3203 2.7751 0.3603 0.9739 2.7025 3
4 1.1699 0.8548 4.2465 0.2355 3.6299 0.2755 1.4510 5.2670 4
5 1.2167 0.8219 5.4163 0.1846 4.4518 0.2246 1.9216 8.5547 5
6 1.2653 0.7903 6.6330 0.1508 5.2421 0.1908 2.3857 12.5062 6
7 1.3159 0.7599 7.8983 0.1266 6.0021 0.1666 2.8433 17.0657 7
8 1.3686 0.7307 9.2142 0.1085 6.7327 0.1485 3.2944 22.1806 8
9 1.4233 0.7026 10.5828 0.0945 7.4353 0.1345 3.7391 27.8013 9
10 1.4802 0.6756 12.0061 0.0833 8.1109 0.1233 4.1773 33.8814 10
11 1.5395 0.6496 13.4864 0.0741 8.7605 0.1141 4.6090 40.3772 11
12 1.6010 0.6246 15.0258 0.0666 9.3851 0.1066 5.0343 47.2477 12
13 1.6651 0.6006 16.6268 0.0601 9.9856 0.1001 5.4533 54.4546 13
14 1.7317 0.5775 18.2919 0.0547 10.5631 0.0947 5.8659 61.9618 14
15 1.8009 0.5553 20.0236 0.0499 11.1184 0.0899 6.2721 69.7355 15
16 1.8730 0.5339 21.8245 0.0458 11.6523 0.0858 6.6720 77.7441 16
17 1.9479 0.5134 23.6975 0.0422 12.1657 0.0822 7.0656 85.9581 17
18 2.0258 0.4936 25.6454 0.0390 12.6593 0.0790 7.4530 94.3498 18
19 2.1068 0.4746 27.6712 0.0361 13.1339 0.0761 7.8342 102.8933 19
20 2.1911 0.4564 29.7781 0.0336 13.5903 0.0736 8.2091 111.5647 20
21 2.2788 0.4388 31.9692 0.0313 14.0292 0.0713 8.5779 120.3414 21
22 2.3699 0.4220 34.2480 0.0292 14.4511 0.0692 8.9407 129.2024 22
23 2.4647 0.4057 36.6179 0.0273 14.8568 0.0673 9.2973 138.1284 23
24 2.5633 0.3901 39.0826 0.0256 15.2470 0.0656 9.6479 147.1012 24
25 2.6658 0.3751 41.6459 0.0240 15.6221 0.0640 9.9925 156.1040 25
26 2.7725 0.3607 44.3117 0.0226 15.9828 0.0626 10.3312 165.1212 26
27 2.8834 0.3468 47.0842 0.0212 16.3296 0.0612 10.6640 174.1385 27
28 2.9987 0.3335 49.9676 0.0200 16.6631 0.0600 10.9909 183.1424 28
29 3.1187 0.3207 52.9663 0.0189 16.9837 0.0589 11.3120 192.1206 29
30 3.2434 0.3083 56.0849 0.0178 17.2920 0.0578 11.6274 201.0618 30
31 3.3731 0.2965 59.3283 0.0169 17.5885 0.0569 11.9371 209.9556 31
32 3.5081 0.2851 62.7015 0.0159 17.8736 0.0559 12.2411 218.7924 32
33 3.6484 0.2741 66.2095 0.0151 18.1476 0.0551 12.5396 227.5634 33
34 3.7943 0.2636 69.8579 0.0143 18.4112 0.0543 12.8324 236.2607 34
35 3.9461 0.2534 73.6522 0.0136 18.6646 0.0536 13.1198 244.8768 35
40 4.8010 0.2083 95.0255 0.0105 19.7928 0.0505 14.4765 286.5303 40
45 5.8412 0.1712 121.0294 0.0083 20.7200 0.0483 15.7047 325.4028 45
50 7.1067 0.1407 152.6671 0.0066 21.4822 0.0466 16.8122 361.1638 50
55 8.6464 0.1157 191.1592 0.0052 22.1086 0.0452 17.8070 393.6890 55
60 10.5196 0.0951 237.9907 0.0042 22.6235 0.0442 18.6972 422.9966 60
65 12.7987 0.0781 294.9684 0.0034 23.0467 0.0434 19.4909 449.2014 65
70 15.5716 0.0642 364.2905 0.0027 23.3945 0.0427 20.1961 472.4789 70
75 18.9453 0.0528 448.6314 0.0022 23.6804 0.0422 20.8206 493.0408 75
80 23.0498 0.0434 551.2450 0.0018 23.9154 0.0418 21.3718 511.1161 80
85 28.0436 0.0357 676.0901 0.0015 24.1085 0.0415 21.8569 526.9384 85
90 34.1193 0.0293 827.9833 0.0012 24.2673 0.0412 22.2826 540.7369 90
95 41.5114 0.0241 1012.7846 0.0010 24.3978 0.0410 22.6550 552.7307 95
100 50.5049 0.0198 1237.6237 0.0008 24.5050 0.0408 22.9800 563.1249 100
APPENDIX A Interest Factors for Discrete Compounding 879
4.0%
Single Payment Equal Payment Series Gradient Series
Compound Present Compound Sinking Present Capital Gradient Gradient
Amount Worth Amount Fund Worth Recovery Uniform Present
Factor Factor Factor Factor Factor Factor Series Worth
N (F/P,i,N) (P/F,i,N) (F/A,i,N) (A/F,i,N) (P/A,i,N) (A/P,i,N) (A/G,i,N) (P/G,i,N) N
1 1.0500 0.9524 1.0000 1.0000 0.9524 1.0500 0.0000 0.0000 1
2 1.1025 0.9070 2.0500 0.4878 1.8594 0.5378 0.4878 0.9070 2
3 1.1576 0.8638 3.1525 0.3172 2.7232 0.3672 0.9675 2.6347 3
4 1.2155 0.8227 4.3101 0.2320 3.5460 0.2820 1.4391 5.1028 4
5 1.2763 0.7835 5.5256 0.1810 4.3295 0.2310 1.9025 8.2369 5
6 1.3401 0.7462 6.8019 0.1470 5.0757 0.1970 2.3579 11.9680 6
7 1.4071 0.7107 8.1420 0.1228 5.7864 0.1728 2.8052 16.2321 7
8 1.4775 0.6768 9.5491 0.1047 6.4632 0.1547 3.2445 20.9700 8
9 1.5513 0.6446 11.0266 0.0907 7.1078 0.1407 3.6758 26.1268 9
10 1.6289 0.6139 12.5779 0.0795 7.7217 0.1295 4.0991 31.6520 10
11 1.7103 0.5847 14.2068 0.0704 8.3064 0.1204 4.5144 37.4988 11
12 1.7959 0.5568 15.9171 0.0628 8.8633 0.1128 4.9219 43.6241 12
13 1.8856 0.5303 17.7130 0.0565 9.3936 0.1065 5.3215 49.9879 13
14 1.9799 0.5051 19.5986 0.0510 9.8986 0.1010 5.7133 56.5538 14
15 2.0789 0.4810 21.5786 0.0463 10.3797 0.0963 6.0973 63.2880 15
16 2.1829 0.4581 23.6575 0.0423 10.8378 0.0923 6.4736 70.1597 16
17 2.2920 0.4363 25.8404 0.0387 11.2741 0.0887 6.8423 77.1405 17
18 2.4066 0.4155 28.1324 0.0355 11.6896 0.0855 7.2034 84.2043 18
19 2.5270 0.3957 30.5390 0.0327 12.0853 0.0827 7.5569 91.3275 19
20 2.6533 0.3769 33.0660 0.0302 12.4622 0.0802 7.9030 98.4884 20
21 2.7860 0.3589 35.7193 0.0280 12.8212 0.0780 8.2416 105.6673 21
22 2.9253 0.3418 38.5052 0.0260 13.1630 0.0760 8.5730 112.8461 22
23 3.0715 0.3256 41.4305 0.0241 13.4886 0.0741 8.8971 120.0087 23
24 3.2251 0.3101 44.5020 0.0225 13.7986 0.0725 9.2140 127.1402 24
25 3.3864 0.2953 47.7271 0.0210 14.0939 0.0710 9.5238 134.2275 25
26 3.5557 0.2812 51.1135 0.0196 14.3752 0.0696 9.8266 141.2585 26
27 3.7335 0.2678 54.6691 0.0183 14.6430 0.0683 10.1224 148.2226 27
28 3.9201 0.2551 58.4026 0.0171 14.8981 0.0671 10.4114 155.1101 28
29 4.1161 0.2429 62.3227 0.0160 15.1411 0.0660 10.6936 161.9126 29
30 4.3219 0.2314 66.4388 0.0151 15.3725 0.0651 10.9691 168.6226 30
31 4.5380 0.2204 70.7608 0.0141 15.5928 0.0641 11.2381 175.2333 31
32 4.7649 0.2099 75.2988 0.0133 15.8027 0.0633 11.5005 181.7392 32
33 5.0032 0.1999 80.0638 0.0125 16.0025 0.0625 11.7566 188.1351 33
34 5.2533 0.1904 85.0670 0.0118 16.1929 0.0618 12.0063 194.4168 34
35 5.5160 0.1813 90.3203 0.0111 16.3742 0.0611 12.2498 200.5807 35
40 7.0400 0.1420 120.7998 0.0083 17.1591 0.0583 13.3775 229.5452 40
45 8.9850 0.1113 159.7002 0.0063 17.7741 0.0563 14.3644 255.3145 45
50 11.4674 0.0872 209.3480 0.0048 18.2559 0.0548 15.2233 277.9148 50
55 14.6356 0.0683 272.7126 0.0037 18.6335 0.0537 15.9664 297.5104 55
60 18.6792 0.0535 353.5837 0.0028 18.9293 0.0528 16.6062 314.3432 60
65 23.8399 0.0419 456.7980 0.0022 19.1611 0.0522 17.1541 328.6910 65
70 30.4264 0.0329 588.5285 0.0017 19.3427 0.0517 17.6212 340.8409 70
75 38.8327 0.0258 756.6537 0.0013 19.4850 0.0513 18.0176 351.0721 75
80 49.5614 0.0202 971.2288 0.0010 19.5965 0.0510 18.3526 359.6460 80
85 63.2544 0.0158 1245.0871 0.0008 19.6838 0.0508 18.6346 366.8007 85
90 80.7304 0.0124 1594.6073 0.0006 19.7523 0.0506 18.8712 372.7488 90
95 103.0347 0.0097 2040.6935 0.0005 19.8059 0.0505 19.0689 377.6774 95
100 131.5013 0.0076 2610.0252 0.0004 19.8479 0.0504 19.2337 381.7492 100
880 APPENDIX A Interest Factors for Discrete Compounding
5.0%
Single Payment Equal Payment Series Gradient Series
Compound Present Compound Sinking Present Capital Gradient Gradient
Amount Worth Amount Fund Worth Recovery Uniform Present
Factor Factor Factor Factor Factor Factor Series Worth
N (F/P,i,N) (P/F,i,N) (F/A,i,N) (A/F,i,N) (P/A,i,N) (A/P,i,N) (A/G,i,N) (P/G,i,N) N
1 1.0600 0.9434 1.0000 1.0000 0.9434 1.0600 0.0000 0.0000 1
2 1.1236 0.8900 2.0600 0.4854 1.8334 0.5454 0.4854 0.8900 2
3 1.1910 0.8396 3.1836 0.3141 2.6730 0.3741 0.9612 2.5692 3
4 1.2625 0.7921 4.3746 0.2286 3.4651 0.2886 1.4272 4.9455 4
5 1.3382 0.7473 5.6371 0.1774 4.2124 0.2374 1.8836 7.9345 5
6 1.4185 0.7050 6.9753 0.1434 4.9173 0.2034 2.3304 11.4594 6
7 1.5036 0.6651 8.3938 0.1191 5.5824 0.1791 2.7676 15.4497 7
8 1.5938 0.6274 9.8975 0.1010 6.2098 0.1610 3.1952 19.8416 8
9 1.6895 0.5919 11.4913 0.0870 6.8017 0.1470 3.6133 24.5768 9
10 1.7908 0.5584 13.1808 0.0759 7.3601 0.1359 4.0220 29.6023 10
11 1.8983 0.5268 14.9716 0.0668 7.8869 0.1268 4.4213 34.8702 11
12 2.0122 0.4970 16.8699 0.0593 8.3838 0.1193 4.8113 40.3369 12
13 2.1329 0.4688 18.8821 0.0530 8.8527 0.1130 5.1920 45.9629 13
14 2.2609 0.4423 21.0151 0.0476 9.2950 0.1076 5.5635 51.7128 14
15 2.3966 0.4173 23.2760 0.0430 9.7122 0.1030 5.9260 57.5546 15
16 2.5404 0.3936 25.6725 0.0390 10.1059 0.0990 6.2794 63.4592 16
17 2.6928 0.3714 28.2129 0.0354 10.4773 0.0954 6.6240 69.4011 17
18 2.8543 0.3503 30.9057 0.0324 10.8276 0.0924 6.9597 75.3569 18
19 3.0256 0.3305 33.7600 0.0296 11.1581 0.0896 7.2867 81.3062 19
20 3.2071 0.3118 36.7856 0.0272 11.4699 0.0872 7.6051 87.2304 20
21 3.3996 0.2942 39.9927 0.0250 11.7641 0.0850 7.9151 93.1136 21
22 3.6035 0.2775 43.3923 0.0230 12.0416 0.0830 8.2166 98.9412 22
23 3.8197 0.2618 46.9958 0.0213 12.3034 0.0813 8.5099 104.7007 23
24 4.0489 0.2470 50.8156 0.0197 12.5504 0.0797 8.7951 110.3812 24
25 4.2919 0.2330 54.8645 0.0182 12.7834 0.0782 9.0722 115.9732 25
26 4.5494 0.2198 59.1564 0.0169 13.0032 0.0769 9.3414 121.4684 26
27 4.8223 0.2074 63.7058 0.0157 13.2105 0.0757 9.6029 126.8600 27
28 5.1117 0.1956 68.5281 0.0146 13.4062 0.0746 9.8568 132.1420 28
29 5.4184 0.1846 73.6398 0.0136 13.5907 0.0736 10.1032 137.3096 29
30 5.7435 0.1741 79.0582 0.0126 13.7648 0.0726 10.3422 142.3588 30
31 6.0881 0.1643 84.8017 0.0118 13.9291 0.0718 10.5740 147.2864 31
32 6.4534 0.1550 90.8898 0.0110 14.0840 0.0710 10.7988 152.0901 32
33 6.8406 0.1462 97.3432 0.0103 14.2302 0.0703 11.0166 156.7681 33
34 7.2510 0.1379 104.1838 0.0096 14.3681 0.0696 11.2276 161.3192 34
35 7.6861 0.1301 111.4348 0.0090 14.4982 0.0690 11.4319 165.7427 35
40 10.2857 0.0972 154.7620 0.0065 15.0463 0.0665 12.3590 185.9568 40
45 13.7646 0.0727 212.7435 0.0047 15.4558 0.0647 13.1413 203.1096 45
50 18.4202 0.0543 290.3359 0.0034 15.7619 0.0634 13.7964 217.4574 50
55 24.6503 0.0406 394.1720 0.0025 15.9905 0.0625 14.3411 229.3222 55
60 32.9877 0.0303 533.1282 0.0019 16.1614 0.0619 14.7909 239.0428 60
65 44.1450 0.0227 719.0829 0.0014 16.2891 0.0614 15.1601 246.9450 65
70 59.0759 0.0169 967.9322 0.0010 16.3845 0.0610 15.4613 253.3271 70
75 79.0569 0.0126 1300.9487 0.0008 16.4558 0.0608 15.7058 258.4527 75
80 105.7960 0.0095 1746.5999 0.0006 16.5091 0.0606 15.9033 262.5493 80
85 141.5789 0.0071 2342.9817 0.0004 16.5489 0.0604 16.0620 265.8096 85
90 189.4645 0.0053 3141.0752 0.0003 16.5787 0.0603 16.1891 268.3946 90
95 253.5463 0.0039 4209.1042 0.0002 16.6009 0.0602 16.2905 270.4375 95
100 339.3021 0.0029 5638.3681 0.0002 16.6175 0.0602 16.3711 272.0471 100
APPENDIX A Interest Factors for Discrete Compounding 881
6.0%
Single Payment Equal Payment Series Gradient Series
Compound Present Compound Sinking Present Capital Gradient Gradient
Amount Worth Amount Fund Worth Recovery Uniform Present
Factor Factor Factor Factor Factor Factor Series Worth
N (F/P,i,N) (P/F,i,N) (F/A,i,N) (A/F,i,N) (P/A,i,N) (A/P,i,N) (A/G,i,N) (P/G,i,N) N
1 1.0700 0.9346 1.0000 1.0000 0.9346 1.0700 0.0000 0.0000 1
2 1.1449 0.8734 2.0700 0.4831 1.8080 0.5531 0.4831 0.8734 2
3 1.2250 0.8163 3.2149 0.3111 2.6243 0.3811 0.9549 2.5060 3
4 1.3108 0.7629 4.4399 0.2252 3.3872 0.2952 1.4155 4.7947 4
5 1.4026 0.7130 5.7507 0.1739 4.1002 0.2439 1.8650 7.6467 5
6 1.5007 0.6663 7.1533 0.1398 4.7665 0.2098 2.3032 10.9784 6
7 1.6058 0.6227 8.6540 0.1156 5.3893 0.1856 2.7304 14.7149 7
8 1.7182 0.5820 10.2598 0.0975 5.9713 0.1675 3.1465 18.7889 8
9 1.8385 0.5439 11.9780 0.0835 6.5152 0.1535 3.5517 23.1404 9
10 1.9672 0.5083 13.8164 0.0724 7.0236 0.1424 3.9461 27.7156 10
11 2.1049 0.4751 15.7836 0.0634 7.4987 0.1334 4.3296 32.4665 11
12 2.2522 0.4440 17.8885 0.0559 7.9427 0.1259 4.7025 37.3506 12
13 2.4098 0.4150 20.1406 0.0497 8.3577 0.1197 5.0648 42.3302 13
14 2.5785 0.3878 22.5505 0.0443 8.7455 0.1143 5.4167 47.3718 14
15 2.7590 0.3624 25.1290 0.0398 9.1079 0.1098 5.7583 52.4461 15
16 2.9522 0.3387 27.8881 0.0359 9.4466 0.1059 6.0897 57.5271 16
17 3.1588 0.3166 30.8402 0.0324 9.7632 0.1024 6.4110 62.5923 17
18 3.3799 0.2959 33.9990 0.0294 10.0591 0.0994 6.7225 67.6219 18
19 3.6165 0.2765 37.3790 0.0268 10.3356 0.0968 7.0242 72.5991 19
20 3.8697 0.2584 40.9955 0.0244 10.5940 0.0944 7.3163 77.5091 20
21 4.1406 0.2415 44.8652 0.0223 10.8355 0.0923 7.5990 82.3393 21
22 4.4304 0.2257 49.0057 0.0204 11.0612 0.0904 7.8725 87.0793 22
23 4.7405 0.2109 53.4361 0.0187 11.2722 0.0887 8.1369 91.7201 23
24 5.0724 0.1971 58.1767 0.0172 11.4693 0.0872 8.3923 96.2545 24
25 5.4274 0.1842 63.2490 0.0158 11.6536 0.0858 8.6391 100.6765 25
26 5.8074 0.1722 68.6765 0.0146 11.8258 0.0846 8.8773 104.9814 26
27 6.2139 0.1609 74.4838 0.0134 11.9867 0.0834 9.1072 109.1656 27
28 6.6488 0.1504 80.6977 0.0124 12.1371 0.9824 9.3289 113.2264 28
29 7.1143 0.1406 87.3465 0.0114 12.2777 0.0814 9.5427 117.1622 29
30 7.6123 0.1314 94.4608 0.0106 12.4090 0.0806 9.7487 120.9718 30
31 8.1451 0.1228 102.0730 0.0098 12.5318 0.0798 9.9471 124.6550 31
32 8.7153 0.1147 110.2182 0.0091 12.6466 0.0791 10.1381 128.2120 32
33 9.3253 0.1072 118.9334 0.0084 12.7538 0.0784 10.3219 131.6435 33
34 9.9781 0.1002 128.2588 0.0078 12.8540 0.0778 10.4987 134.9507 34
35 10.6766 0.0937 138.2369 0.0072 12.9477 0.0772 10.6687 138.1353 35
40 14.9745 0.0668 199.6351 0.0050 13.3317 0.0750 11.4233 152.2928 40
45 21.0025 0.0476 285.7493 0.0035 13.6055 0.0735 12.0360 163.7559 45
50 29.4570 0.0339 406.5289 0.0025 13.8007 0.0725 12.5287 172.9051 50
55 41.3150 0.0242 575.9286 0.0017 13.9399 0.0717 12.9215 180.1243 55
60 57.9464 0.0173 813.5204 0.0012 14.0392 0.0712 13.2321 185.7677 60
65 81.2729 0.0123 1146.7552 0.0009 14.1099 0.0709 13.4760 190.1452 65
70 113.9894 0.0088 1614.1342 0.0006 14.1604 0.0706 13.6662 193.5185 70
75 159.8760 0.0063 2269.6574 0.0004 14.1964 0.0704 13.8136 196.1035 75
80 224.2344 0.0045 3189.0627 0.0003 14.2220 0.0703 13.9273 198.0748 80
85 314.5003 0.0032 4478.5761 0.0002 14.2403 0.0702 14.0146 199.5717 85
90 441.1030 0.0023 6287.1854 0.0002 14.2533 0.0702 14.0812 200.7042 90
95 618.6697 0.0016 8823.8535 0.0001 14.2626 0.0701 14.1319 201.5581 95
100 867.7163 0.0012 12381.6618 0.0001 14.2693 0.0701 14.1703 202.2001 100
882 APPENDIX A Interest Factors for Discrete Compounding
7.0%
Single Payment Equal Payment Series Gradient Series
Compound Present Compound Sinking Present Capital Gradient Gradient
Amount Worth Amount Fund Worth Recovery Uniform Present
Factor Factor Factor Factor Factor Factor Series Worth
N (F/P,i,N) (P/F,i,N) (F/A,i,N) (A/F,i,N) (P/A,i,N) (A/P,i,N) (A/G,i,N) (P/G,i,N) N
1 1.0800 0.9259 1.0000 1.0000 0.9259 1.0800 0.0000 0.0000 1
2 1.1664 0.8573 2.0800 0.4808 1.7833 0.5608 0.4808 0.8573 2
3 1.2597 0.7938 3.2464 0.3080 2.5771 0.3880 0.9487 2.4450 3
4 1.3605 0.7350 4.5061 0.2219 3.3121 0.3019 1.4040 4.6501 4
5 1.4693 0.6806 5.8666 0.1705 3.9927 0.2505 1.8465 7.3724 5
6 1.5869 0.6302 7.3359 0.1363 4.6229 0.2163 2.2763 10.5233 6
7 1.7138 0.5835 8.9228 0.1121 5.2064 0.1921 2.6937 14.0242 7
8 1.8509 0.5403 10.6366 0.0940 5.7466 0.1740 3.0985 17.8061 8
9 1.9990 0.5002 12.4876 0.0801 6.2469 0.1601 3.4910 21.8081 9
10 2.1589 0.4632 14.4866 0.0690 6.7101 0.1490 3.8713 25.9768 10
11 2.3316 0.4289 16.6455 0.0601 7.1390 0.1401 4.2395 30.2657 11
12 2.5182 0.3971 18.9771 0.0527 7.5361 0.1327 4.5957 34.6339 12
13 2.7196 0.3677 21.4953 0.0465 7.9038 0.1265 4.9402 39.0463 13
14 2.9372 0.3405 24.2149 0.0413 8.2442 0.1213 5.2731 43.4723 14
15 3.1722 0.3152 27.1521 0.0368 8.5595 0.1168 5.5945 47.8857 15
16 3.4259 0.2919 30.3243 0.0330 8.8514 0.1130 5.9046 52.2640 16
17 3.7000 0.2703 33.7502 0.0296 9.1216 0.1096 6.2037 56.5883 17
18 3.9960 0.2502 37.4502 0.0267 9.3719 0.1067 6.4920 60.8426 18
19 4.3157 0.2317 41.4463 0.0241 9.6036 0.1041 6.7697 65.0134 19
20 4.6610 0.2145 45.7620 0.0219 9.8181 0.1019 7.0369 69.0898 20
21 5.0338 0.1987 50.4229 0.0198 10.0168 0.0998 7.2940 73.0629 21
22 5.4365 0.1839 55.4568 0.0180 10.2007 0.0980 7.5412 76.9257 22
23 5.8715 0.1703 60.8933 0.0164 10.3711 0.0964 7.7786 80.6726 23
24 6.3412 0.1577 66.7648 0.0150 10.5288 0.0950 8.0066 84.2997 24
25 6.8485 0.1460 73.1059 0.0137 10.6748 0.0937 8.2254 87.8041 25
26 7.3964 0.1352 79.9544 0.0125 10.8100 0.0925 8.4352 91.1842 26
27 7.9881 0.1252 87.3508 0.0114 10.9352 0.0914 8.6363 94.4390 27
78 8.6271 0.1159 95.3388 0.0105 11.0511 0.0905 8.8289 97.5687 28
29 9.3173 0.1073 103.9659 0.0096 11.1584 0.0896 9.0133 100.5738 29
30 10.0627 0.0994 113.2832 0.0088 11.2578 0.0888 9.1897 103.4558 30
31 10.8677 0.0920 123.3459 0.0081 11.3498 0.0881 9.3584 106.2163 31
32 11.7371 0.0852 134.2135 0.0075 11.4350 0.0875 9.5197 108.8575 32
33 12.6760 0.0789 145.9506 0.0069 11.5139 0.0869 9.6737 111.3819 33
34 13.6901 0.0730 158.6267 0.0063 11.5869 0.0863 9.8208 113.7924 34
35 14.7853 0.0676 172.3168 0.0058 11.6546 0.0858 9.9611 116.0920 35
40 21.7245 0.0460 259.0565 0.0039 11.9246 0.0839 10.5699 126.0422 40
45 31.9204 0.0313 386.5056 0.0026 12.1084 0.0826 11.0447 133.7331 45
50 46.9016 0.0213 573.7702 0.0017 12.2335 0.0817 11.4107 139.5928 50
55 68.9139 0.0145 848.9232 0.0012 12.3186 0.0812 11.6902 144.0065 55
60 101.2571 0.0099 1253.2133 0.0008 12.3766 0.0808 11.9015 147.3000 60
65 148.7798 0.0067 1847.2481 0.0005 12.4160 0.0805 12.0602 149.7387 65
70 218.6064 0.0046 2720.0801 0.0004 12.4428 0.0804 12.1783 151.5326 70
75 321.2045 0.0031 4002.5566 0.0002 12.4611 0.0802 12.2658 152.8448 75
80 471.9548 0.0021 5886.9354 0.0002 12.4735 0.0802 12.3301 153.8001 80
85 693.4565 0.0014 8655.7061 0.0001 12.4820 0.0801 12.3772 154.4925 85
90 1018.9151 0.0010 12723.9386 0.0001 12.4877 0.0801 12.4116 154.9925 90
95 1497.1205 0.0007 18701.5069 0.0001 12.4917 0.0801 12.4365 155.3524 95
100 2199.7613 0.0005 27484.5157 0.0000 12.4943 0.0800 12.4545 155.6107 100
APPENDIX A Interest Factors for Discrete Compounding 883
8.0%
Single Payment Equal Payment Series Gradient Series
Compound Present Compound Sinking Present Capital Gradient Gradient
Amount Worth Amount Fund Worth Recovery Uniform Present
Factor Factor Factor Factor Factor Factor Series Worth
N (F/P,i,N) (P/F,i,N) (F/A,i,N) (A/F,i,N) (P/A,i,N) (A/P,i,N) (A/G,i,N) (P/G,i,N) N
1 1.0900 0.9174 1.0000 1.0000 0.9174 1.0900 0.0000 0.0000 1
2 1.1881 0.8417 2.0900 0.4785 1.7591 0.5685 0.4785 0.8417 2
3 1.2950 0.7722 3.2781 0.3051 2.5313 0.3951 0.9426 2.3860 3
4 1.4116 0.7084 4.5731 0.2187 3.2397 0.3087 1.3925 4.5113 4
5 1.5386 0.6499 5.9847 0.1671 3.8897 0.2571 1.8282 7.1110 5
6 1.6771 0.5963 7.5233 0.1329 4.4859 0.2229 2.2498 10.0924 6
7 1.8280 0.5470 9.2004 0.1087 5.0330 0.1987 2.6574 13.3746 7
8 1.9926 0.5019 11.0285 0.0907 5.5348 0.1807 3.0512 16.8877 8
9 2.1719 0.4604 13.0210 0.0768 5.9952 0.1668 3.4312 20.5711 9
10 2.3674 0.4224 15.1929 0.0658 6.4177 0.1558 3.7978 24.3728 10
11 2.5804 0.3875 17.5603 0.0569 6.8052 0.1469 4.1510 28.2481 11
12 2.8127 0.3555 20.1407 0.0497 7.1607 0.1397 4.4910 32.1590 12
13 3.0658 0.3262 22.9534 0.0436 7.4869 0.1336 4.8182 36.0731 13
14 3.3417 0.2992 26.0192 0.0384 7.7862 0.1284 5.1326 39.9633 14
15 3.6425 0.2745 29.3609 0.0341 8.0607 0.1241 5.4346 43.8069 15
16 3.9703 0.2519 33.0034 0.0303 8.3126 0.1203 5.7245 47.5849 16
17 4.3276 0.2311 36.9737 0.0270 8.5436 0.1170 6.0024 51.2821 17
18 4.7171 0.2120 41.3013 0.0242 8.7556 0.1142 6.2687 54.8860 18
19 5.1417 0.1945 46.0185 0.0217 8.9501 0.1117 6.5236 58.3868 19
20 5.6044 0.1784 51.1601 0.0195 9.1285 0.1095 6.7674 61.7770 20
21 6.1088 0.1637 56.7645 0.0176 9.2922 0.1076 7.0006 65.0509 21
22 6.6586 0.1502 62.8733 0.0159 9.4424 0.1059 7.2232 68.2048 22
23 7.2579 0.1378 69.5319 0.0144 9.5802 0.1044 7.4357 71.2359 23
24 7.9111 0.1264 76.7898 0.0130 9.7066 0.1030 7.6384 74.1433 24
25 8.6231 0.1160 84.7009 0.0118 9.8226 0.1018 7.8316 76.9265 25
26 9.3992 0.1064 93.3240 0.0107 9.9290 0.1007 8.0156 79.5863 26
27 10.2451 0.0976 102.7231 0.0097 10.0266 0.0997 8.1906 82.1241 27
28 11.1671 0.0895 112.9682 0.0089 10.1161 0.0989 8.3571 84.5419 28
29 12.1722 0.0822 124.1354 0.0081 10.1983 0.0981 8.5154 86.8422 29
30 13.2677 0.0754 136.3075 0.0073 10.2737 0.0973 8.6657 89.0280 30
31 14.4618 0.0691 149.5752 0.0067 10.3428 0.0967 8.8083 91.1024 31
32 15.7633 0.0634 164.0370 0.0061 10.4062 0.0961 8.9436 93.0690 32
33 17.1820 0.0582 179.8003 0.0056 10.4644 0.0956 9.0718 94.9314 33
34 18.7284 0.0534 196.9823 0.0051 10.5178 0.0951 9.1933 96.6935 34
35 20.4140 0.0490 215.7108 0.0046 10.5668 0.0946 9.3083 98.3590 35
40 31.4094 0.0318 337.8824 0.0030 10.7574 0.0930 9.7957 105.3762 40
45 48.3273 0.0207 525.8587 0.0019 10.8812 0.0919 10.1603 110.5561 45
50 74.3575 0.0134 815.0836 0.0012 10.9617 0.0912 10.4295 114.3251 50
55 114.4083 0.0087 1260.0918 0.0008 11.0140 0.0908 10.6261 117.0362 55
60 176.0313 0.0057 1944.7921 0.0005 11.0480 0.0905 10.7683 118.9683 60
65 270.8460 0.0037 2998.2885 0.0003 11.0701 0.0903 10.8702 120.3344 65
70 416.7301 0.0024 4619.2232 0.0002 11.0844 0.0902 10.9427 121.2942 70
75 641.1909 0.0016 7113.2321 0.0001 11.0938 0.0901 10.9940 121.9646 75
80 986.5517 0.0010 10950.5741 0.0001 11.0998 0.0901 11.0299 122.4306 80
85 1517.9320 0.0007 16854.8003 0.0001 11.1038 0.0901 11.0551 122.7533 85
90 2335.5266 0.0004 25939.1842 0.0000 11.1064 0.0900 11.0726 122.9758 90
95 3593.4971 0.0003 39916.6350 0.0000 11.1080 0.0900 11.0847 123.1287 95
100 5529.0408 0.0002 61422.6755 0.0000 11.1091 0.0900 11.0930 123.2335 100
884 APPENDIX A Interest Factors for Discrete Compounding
9.0%
Single Payment Equal Payment Series Gradient Series
Compound Present Compound Sinking Present Capital Gradient Gradient
Amount Worth Amount Fund Worth Recovery Uniform Present
Factor Factor Factor Factor Factor Factor Series Worth
N (F/P,i,N) (P/F,i,N) (F/A,i,N) (A/F,i,N) (P/A,i,N) (A/P,i,N) (A/G,i,N) (P/G,i,N) N
1 1.1000 0.9091 1.0000 1.0000 0.9091 1.1000 0.0000 0.0000 1
2 1.2100 0.8264 2.1000 0.4762 1.7355 0.5762 0.4762 0.8264 2
3 1.3310 0.7513 3.3100 0.3021 2.4869 0.4021 0.9366 2.3291 3
4 1.4641 0.6830 4.6410 0.2155 3.1699 0.3155 1.3812 4.3781 4
5 1.6105 0.6209 6.1051 0.1638 3.7908 0.2638 1.8101 6.8618 5
6 1.7716 0.5645 7.7156 0.1296 4.3553 0.2296 2.2236 9.6842 6
7 1.9487 0.5132 9.4872 0.1054 4.8684 0.2054 2.6216 12.7631 7
8 2.1436 0.4665 11.4359 0.0874 5.3349 0.1874 3.0045 16.0287 8
9 2.3579 0.4241 13.5795 0.0736 5.7590 0.1736 3.3724 19.4215 9
10 2.5937 0.3855 15.9374 0.0627 6.1446 0.1627 3.7255 22.8913 10
11 2.8531 0.3505 18.5312 0.0540 6.4951 0.1540 4.0641 26.3963 11
12 3.1384 0.3186 21.3843 0.0468 6.8137 0.1468 4.3884 29.9012 12
13 3.4523 0.2897 24.5227 0.0408 7.1034 0.1408 4.6988 33.3772 13
14 3.7975 0.2633 27.9750 0.0357 7.3667 0.1357 4.9955 36.8005 14
15 4.1772 0.2394 31.7725 0.0315 7.6061 0.1315 5.2789 40.1520 15
16 4.5950 0.2176 35.9497 0.0278 7.8237 0.1278 5.5493 43.4164 16
17 5.0545 0.1978 40.5447 0.0247 8.0216 0.1247 5.8071 46.5819 17
18 5.5599 0.1799 45.5992 0.0219 8.2014 0.1219 6.0526 49.6395 18
19 6.1159 0.1635 51.1591 0.0195 8.3649 0.1195 6.2861 52.5827 19
20 6.7275 0.1486 57.2750 0.0175 8.5136 0.1175 6.5081 55.4069 20
21 7.4002 0.1351 64.0025 0.0156 8.6487 0.1156 6.7189 58.1095 21
22 8.1403 0.1228 71.4027 0.0140 8.7715 0.1140 6.9189 60.6893 22
23 8.9543 0.1117 79.5430 0.0126 8.8832 0.1126 7.1085 63.1462 23
24 9.8497 0.1015 88.4973 0.0113 8.9847 0.1113 7.2881 65.4813 24
25 10.8347 0.0923 98.3471 0.0102 9.0770 0.1102 7.4580 67.6964 25
26 11.9182 0.0839 109.1818 0.0092 9.1609 0.1092 7.6186 69.7940 26
27 13.1100 0.0763 121.0999 0.0083 9.2372 0.1083 7.7704 71.7773 27
28 14.4210 0.0693 134.2099 0.0075 9.3066 0.1075 7.9137 73.6495 28
29 15.8631 0.0630 148.6309 0.0067 9.3696 0.1067 8.0489 75.4146 29
30 17.4494 0.0573 164.4940 0.0061 9.4269 0.1061 8.1762 77.0766 30
31 19.1943 0.0521 181.9434 0.0055 9.4790 0.1055 8.2962 78.6395 31
32 21.1138 0.0474 201.1378 0.0050 9.5264 0.1050 8.4091 80.1078 32
33 23.2252 0.0431 222.2515 0.0045 9.5694 0.1045 8.5152 81.4856 33
34 25.5477 0.0391 245.4767 0.0041 9.6086 0.1041 8.6149 82.7773 34
35 28.1024 0.0356 271.0244 0.0037 9.6442 0.1037 8.7086 83.9872 35
40 45.2593 0.0221 442.5926 0.0023 9.7791 0.1023 9.0962 88.9525 40
45 72.8905 0.0137 718.9048 0.0014 9.8628 0.1014 9.3740 92.4544 45
50 117.3909 0.0085 1163.9085 0.0009 9.9148 0.1009 9.5704 94.8889 50
55 189.0591 0.0053 1880.5914 0.0005 9.9471 0.1005 9.7075 96.5619 55
60 304.4816 0.0033 3034.8164 0.0003 9.9672 0.1003 9.8023 97.7010 60
65 490.3707 0.0020 4893.7073 0.0002 9.9796 0.1002 9.8672 98.4705 65
70 789.7470 0.0013 7887.4696 0.0001 9.9873 0.1001 9.9113 98.9870 70
75 1271.8954 0.0008 12708.9537 0.0001 9.9921 0.1001 9.9410 99.3317 75
80 2048.4002 0.0005 20474.0021 0.0000 9.9951 0.1000 9.9609 99.5606 80
85 3298.9690 0.0003 32979.6903 0.0000 9.9970 0.1000 9.9742 99.7120 85
90 5313.0226 0.0002 53120.2261 0.0000 9.9981 0.1000 9.9831 99.8118 90
95 8556.6760 0.0001 85556.7605 0.0000 9.9988 0.1000 9.9889 99.8773 95
100 13780.6123 0.0001 137796.1234 0.0000 9.9993 0.1000 9.9927 99.9202 100
APPENDIX A Interest Factors for Discrete Compounding 885
10.0%
Single Payment Equal Payment Series Gradient Series
Compound Present Compound Sinking Present Capital Gradient Gradient
Amount Worth Amount Fund Worth Recovery Uniform Present
Factor Factor Factor Factor Factor Factor Series Worth
N (F/P,i,N) (P/F,i,N) (F/A,i,N) (A/F,i,N) (P/A,i,N) (A/P,i,N) (A/G,i,N) (P/G,i,N) N
1 1.1100 0.9009 1.0000 1.0000 0.9009 1.1100 0.0000 0.0000 1
2 1.2321 0.8116 2.1100 0.4739 1.7125 0.5839 0.4739 0.8116 2
3 1.3676 0.7312 3.3421 0.2992 2.4437 0.4092 0.9306 2.2740 3
4 1.5181 0.6587 4.7097 0.2123 3.1024 0.3223 1.3700 4.2502 4
5 1.6851 0.5935 6.2278 0.1606 3.6959 0.2706 1.7923 6.6240 5
6 1.8704 0.5346 7.9129 0.1264 4.2305 0.2364 2.1976 9.2972 6
7 2.0762 0.4817 9.7833 0.1022 4.7122 0.2122 2.5863 12.1872 7
8 2.3045 0.4339 11.8594 0.0843 5.1461 0.1943 2.9585 15.2246 8
9 2.5580 0.3909 14.1640 0.0706 5.5370 0.1806 3.3144 18.3520 9
10 2.8394 0.3522 16.7220 0.0598 5.8892 0.1698 3.6544 21.5217 10
11 3.1518 0.3173 19.5614 0.0511 6.2065 0.1611 3.9788 24.6945 11
12 3.4985 0.2858 22.7132 0.0440 6.4924 0.1540 4.2879 27.8388 12
13 3.8833 0.2575 26.2116 0.0382 6.7499 0.1482 4.5822 30.9290 13
14 4.3104 0.2320 30.0949 0.0332 6.9819 0.1432 4.8619 33.9449 14
15 4.7846 0.2090 34.4054 0.0291 7.1909 0.1391 5.1275 36.8709 15
16 5.3109 0.1883 39.1899 0.0255 7.3792 0.1355 5.3794 39.6953 16
17 5.8951 0.1696 44.5008 0.0225 7.5488 0.1325 5.6180 42.4095 17
18 6.5436 0.1528 50.3959 0.0198 7.7016 0.1298 5.8439 45.0074 18
19 7.2633 0.1377 56.9395 0.0176 7.8393 0.1276 6.0574 47.4856 19
20 8.0623 0.1240 64.2028 0.0156 7.9633 0.1256 6.2590 49.8423 20
21 8.9492 0.1117 72.2651 0.0138 8.0751 0.1238 6.4491 52.0771 21
22 9.9336 0.1007 81.2143 0.0123 8.1757 0.1223 6.6283 54.1912 22
23 11.0263 0.0907 91.1479 0.0110 8.2664 0.1210 6.7969 56.1864 23
24 12.2392 0.0817 102.1742 0.0098 8.3481 0.1198 6.9555 58.0656 24
25 13.5855 0.0736 114.4133 0.0087 8.4217 0.1187 7.1045 59.8322 25
26 15.0799 0.0663 127.9988 0.0078 8.4881 0.1178 7.2443 61.4900 26
27 16.7386 0.0597 143.0786 0.0070 8.5478 0.1170 7.3754 63.0433 27
28 18.5799 0.0538 159.8173 0.0063 8.6016 0.1163 7.4982 64.4965 28
29 20.6237 0.0485 178.3972 0.0056 8.6501 0.1156 7.6131 65.8542 29
30 22.8923 0.0437 199.0209 0.0050 8.6938 0.1150 7.7206 67.1210 30
31 25.4104 0.0394 221.9132 0.0045 8.7331 0.1145 7.8210 68.3016 31
32 28.2056 0.0355 247.3236 0.0040 8.7686 0.1140 7.9147 69.4007 32
33 31.3082 0.0319 275.5292 0.0036 8.8005 0.1136 8.0021 70.4228 33
34 34.7521 0.0288 306.8374 0.0033 8.8293 0.1133 8.0836 71.3724 34
35 38.5749 0.0259 341.5896 0.0029 8.8552 0.1129 8.1594 72.2538 35
40 65.0009 0.0154 581.8261 0.0017 8.9511 0.1117 8.4659 75.7789 40
45 109.5302 0.0091 986.6386 0.0010 9.0079 0.1110 8.6763 78.1551 45
50 184.5648 0.0054 1668.7712 0.0006 9.0417 0.1106 8.8185 79.7341 50
55 311.0025 0.0032 2818.2042 0.0004 9.0617 0.1104 8.9135 80.7712 55
60 524.0572 0.0019 4755.0658 0.0002 9.0736 0.1102 8.9762 81.4461 60
886 APPENDIX A Interest Factors for Discrete Compounding
11.0%
Single Payment Equal Payment Series Gradient Series
Compound Present Compound Sinking Present Capital Gradient Gradient
Amount Worth Amount Fund Worth Recovery Uniform Present
Factor Factor Factor Factor Factor Factor Series Worth
N (F/P,i,N) (P/F,i,N) (F/A,i,N) (A/F,i,N) (P/A,i,N) (A/P,i,N) (A/G,i,N) (P/G,i,N) N
1 1.1200 0.8929 1.0000 1.0000 0.8929 1.1200 0.0000 0.0000 1
2 1.2544 0.7972 2.1200 0.4717 1.6901 0.5917 0.4717 0.7972 2
3 1.4049 0.7118 3.3744 0.2963 2.4018 0.4163 0.9246 2.2208 3
4 1.5735 0.6355 4.7793 0.2092 3.0373 0.3292 1.3589 4.1273 4
5 1.7623 0.5674 6.3528 0.1574 3.6048 0.2774 1.7746 6.3970 5
6 1.9738 0.5066 8.1152 0.1232 4.1114 0.2432 2.1720 8.9302 6
7 2.2107 0.4523 10.0890 0.0991 4.5638 0.2191 2.5515 11.6443 7
8 2.4760 0.4039 12.2997 0.0813 4.9676 0.2013 2.9131 14.4714 8
9 2.7731 0.3606 14.7757 0.0677 5.3282 0.1877 3.2574 17.3563 9
10 3.1058 0.3220 17.5487 0.0570 5.6502 0.1770 3.5847 20.2541 10
11 3.4785 0.2875 20.6546 0.0484 5.9377 0.1684 3.8953 23.1288 11
12 3.8960 0.2567 24.1331 0.0414 6.1944 0.1614 4.1897 25.9523 12
13 4.3635 0.2292 28.0291 0.0357 6.4235 0.1557 4.4683 28.7024 13
14 4.8871 0.2046 32.3926 0.0309 6.6282 0.1509 4.7317 31.3624 14
15 5.4736 0.1827 37.2797 0.0268 6.8109 0.1468 4.9803 33.9202 15
16 6.1304 0.1631 42.7533 0.0234 6.9740 0.1434 5.2147 36.3670 16
17 6.8660 0.1456 48.8837 0.0205 7.1196 0.1405 5.4353 38.6973 17
18 7.6900 0.1300 55.7497 0.0179 7.2497 0.1379 5.6427 40.9080 81
19 8.6128 0.1161 63.4397 0.0158 7.3658 0.1358 5.8375 42.9979 19
20 9.6463 0.1037 72.0524 0.0139 7.4694 0.1339 6.0202 44.9676 20
21 10.8038 0.0926 81.6987 0.0122 7.5620 0.1322 6.1913 46.8188 21
22 12.1003 0.0826 92.5026 0.0108 7.6446 0.1308 6.3514 48.5543 22
23 13.5523 0.0738 104.6029 0.0096 7.7184 0.1296 6.5010 50.1776 23
24 15.1786 0.0659 118.1552 0.0085 7.7843 0.1285 6.6406 51.6929 24
25 17.0001 0.0588 133.3339 0.0075 7.8431 0.1275 6.7708 53.1046 25
26 19.0401 0.0525 150.3339 0.0067 7.8957 0.1267 6.8921 54.4177 26
27 21.3249 0.0469 169.3740 0.0059 7.9426 0.1259 7.0049 55.6369 27
28 23.8839 0.0419 190.6989 0.0052 7.9844 0.1252 7.1098 56.7674 28
29 26.7499 0.0374 214.5828 0.0047 8.0218 0.1247 7.2071 57.8141 29
30 29.9599 0.0334 241.3327 0.0041 8.0552 0.1241 7.2974 58.7821 30
31 33.5551 0.0298 271.2926 0.0037 8.0850 0.1237 7.3811 59.6761 31
32 37.5817 0.0266 304.8477 0.0033 8.1116 0.1233 7.4586 60.5010 32
33 42.0915 0.0238 342.4294 0.0029 8.1354 0.1229 7.5302 61.2612 33
34 47.1425 0.0212 384.5210 0.0026 8.1566 0.1226 7.5965 61.9612 34
35 52.7996 0.0189 431.6635 0.0023 8.1755 0.1223 7.6577 62.6052 35
40 93.0510 0.0107 767.0914 0.0013 8.2438 0.1213 7.8988 65.1159 40
45 163.9876 0.0061 1358.2300 0.0007 8.2825 0.1207 8.0572 66.7342 45
50 289.0022 0.0035 2400.0182 0.0004 8.3045 0.1204 8.1597 67.7624 50
55 509.3206 0.0020 4236.0050 0.0002 8.3170 0.1202 8.2251 68.4082 55
60 897.5969 0.0011 7471.6411 0.0001 8.3240 0.1201 8.2664 68.8100 60
APPENDIX A Interest Factors for Discrete Compounding 887
12.0%
Single Payment Equal Payment Series Gradient Series
Compound Present Compound Sinking Present Capital Gradient Gradient
Amount Worth Amount Fund Worth Recovery Uniform Present
Factor Factor Factor Factor Factor Factor Series Worth
N (F/P,i,N) (P/F,i,N) (F/A,i,N) (A/F,i,N) (P/A,i,N) (A/P,i,N) (A/G,i,N) (P/G,i,N) N
1 1.1300 0.8850 1.0000 1.0000 0.8850 1.1300 0.0000 0.0000 1
2 1.2769 0.7831 2.1300 0.4695 1.6681 0.5995 0.4695 0.7831 2
3 1.4429 0.6931 3.4069 0.2935 2.3612 0.4235 0.9187 2.1692 3
4 1.6305 0.6133 4.8498 0.2062 2.9745 0.3362 1.3479 4.0092 4
5 1.8424 0.5428 6.4803 0.1543 3.5172 0.2843 1.7571 6.1802 5
6 2.0820 0.4803 8.3227 0.1202 3.9975 0.2502 2.1468 8.5818 6
7 2.3526 0.4251 10.4047 0.0961 4.4226 0.2261 2.5171 11.1322 7
8 2.6584 0.3762 12.7573 0.0784 4.7988 0.2084 2.8685 13.7653 8
9 3.0040 0.3329 15.4157 0.0649 5.1317 0.1949 3.2014 16.4284 9
10 3.3946 0.2946 18.4197 0.0543 5.4262 0.1843 3.5162 19.0797 10
11 3.8359 0.2607 21.8143 0.0458 5.6869 0.1758 3.8134 21.6867 11
12 4.3345 0.2307 25.6502 0.0390 5.9176 0.1690 4.0936 24.2244 12
13 4.8980 0.2042 29.9847 0.0334 6.1218 0.1634 4.3573 26.6744 13
14 5.5348 0.1807 34.8827 0.0287 6.3025 0.1587 4.6050 29.0232 14
15 6.2543 0.1599 40.4175 0.0247 6.4624 0.1547 4.8375 31.2617 15
16 7.0673 0.1415 46.6717 0.0214 6.6039 0.1514 5.0552 33.3841 16
17 7.9861 0.1252 53.7391 0.0186 6.7291 0.1486 5.2589 35.3876 17
18 9.0243 0.1108 61.7251 0.0162 6.8399 0.1462 5.4491 37.2714 18
19 10.1974 0.0981 70.7494 0.0141 6.9380 0.1441 5.6265 39.0366 19
20 11.5231 0.0868 80.9468 0.0124 7.0248 0.1424 5.7917 40.6854 20
21 13.0211 0.0768 92.4699 0.0108 7.1016 0.1408 5.9454 42.2214 21
22 14.7138 0.0680 105.4910 0.0095 7.1695 0.1395 6.0881 43.6486 22
23 16.6266 0.0601 120.2048 0.0083 7.2297 0.1383 6.2205 44.9718 23
24 18.7881 0.0532 136.8315 0.0073 7.2829 0.1373 6.3431 46.1960 24
25 21.2305 0.0471 155.6196 0.0064 7.3300 0.1364 6.4566 47.3264 25
26 23.9905 0.0417 176.8501 0.0057 7.3717 0.1357 6.5614 48.3685 26
27 27.1093 0.0369 200.8406 0.0050 7.4086 0.1350 6.6582 49.3276 27
28 30.6335 0.0326 227.9499 0.0044 7.4412 0.1344 6.7474 50.2090 28
29 34.6158 0.0289 258.5834 0.0039 7.4701 0.1339 6.8296 51.0179 29
30 39.1159 0.0256 293.1992 0.0034 7.4957 0.1334 6.9052 51.7592 30
31 44.2010 0.0226 332.3151 0.0030 7.5183 0.1330 6.9747 52.4380 31
32 49.9471 0.0200 376.5161 0.0027 7.5383 0.1327 7.0385 53.0586 32
33 56.4402 0.0177 426.4632 0.0023 7.5560 0.1323 7.0971 53.6256 33
34 63.7774 0.0157 482.9034 0.0021 7.5717 0.1321 7.1507 54.1430 34
35 72.0685 0.0139 546.6808 0.0018 7.5856 0.1318 7.1998 54.6148 35
40 132.7816 0.0075 1013.7042 0.0010 7.6344 0.1310 7.3888 56.4087 40
45 244.6414 0.0041 1874.1646 0.0005 7.6609 0.1305 7.5076 57.5148 45
50 450.7359 0.0022 3459.5071 0.0003 7.6752 0.1303 7.5811 58.1870 50
55 830.4517 0.0012 6380.3979 0.0002 7.6830 0.1302 7.6260 58.5909 55
60 1530.0535 0.0007 11761.9498 0.0001 7.6873 0.1301 7.6531 58.8313 60
888 APPENDIX A Interest Factors for Discrete Compounding
13.0%
Single Payment Equal Payment Series Gradient Series
Compound Present Compound Sinking Present Capital Gradient Gradient
Amount Worth Amount Fund Worth Recovery Uniform Present
Factor Factor Factor Factor Factor Factor Series Worth
N (F/P,i,N) (P/F,i,N) (F/A,i,N) (A/F,i,N) (P/A,i,N) (A/P,i,N) (A/G,i,N) (P/G,i,N) N
1 1.1400 0.8772 1.0000 1.0000 0.8772 1.1400 0.0000 0.0000 1
2 1.2996 0.7695 2.1400 0.4673 1.6467 0.6073 0.4673 0.7695 2
3 1.4815 0.6750 3.4396 0.2907 2.3216 0.4307 0.9129 2.1194 3
4 1.6890 0.5921 4.9211 0.2032 2.9137 0.3432 1.3370 3.8957 4
5 1.9254 0.5194 6.6101 0.1513 3.4331 0.2913 1.7399 5.9731 5
6 2.1950 0.4556 8.5355 0.1172 3.8887 0.2572 2.1218 8.2511 6
7 2.5023 0.3996 10.7305 0.0932 4.2883 0.2332 2.4832 10.6489 7
8 2.8526 0.3506 13.2328 0.0756 4.6389 0.2156 2.8246 13.1028 8
9 3.2519 0.3075 16.0853 0.0622 4.9464 0.2022 3.1463 15.5629 9
10 3.7072 0.2697 19.3373 0.0517 5.2161 0.1917 3.4490 17.9906 10
11 4.2262 0.2366 23.0445 0.0434 5.4527 0.1834 3.7333 20.3567 11
12 4.8179 0.2076 27.2707 0.0367 5.6603 0.1767 3.9998 22.6399 12
13 5.4924 0.1821 32.0887 0.0312 5.8424 0.1712 4.2491 24.8247 13
14 6.2613 0.1597 37.5811 0.0266 6.0021 0.1666 4.4819 26.9009 14
15 7.1379 0.1401 43.8424 0.0228 6.1422 0.1628 4.6990 28.8623 15
16 8.1372 0.1229 50.9804 0.0196 6.2651 0.1596 4.9011 30.7057 16
17 9.2765 0.1078 59.1176 0.0169 6.3729 0.1569 5.0888 32.4305 17
18 10.5752 0.0946 68.3941 0.0146 6.4674 0.1546 5.2630 34.0380 18
19 12.0557 0.0829 78.9692 0.0127 6.5504 0.1527 5.4243 35.5311 19
20 13.7435 0.0728 91.0249 0.0110 6.6231 0.1510 5.5734 36.9135 20
21 15.6676 0.0638 104.7684 0.0095 6.6870 0.1495 5.7111 38.1901 21
22 17.8610 0.0560 120.4360 0.0083 6.7429 0.1483 5.8381 39.3658 22
23 20.3616 0.0491 138.2970 0.0072 6.7921 0.1472 5.9549 40.4463 23
24 23.2122 0.0431 158.6586 0.0063 6.8351 0.1463 6.0624 41.4371 24
25 26.4619 0.0378 181.8708 0.0055 6.8729 0.1455 6.1610 42.3441 25
26 30.1666 0.0331 208.3327 0.0048 6.9061 0.1448 6.2514 43.1728 26
27 34.3899 0.0291 238.4993 0.0042 6.9352 0.1442 6.3342 43.9289 27
28 39.2045 0.0255 272.8892 0.0037 6.9607 0.1437 6.4100 44.6176 28
29 44.6931 0.0224 312.0937 0.0032 6.9830 0.1432 6.4791 45.2441 29
30 50.9502 0.0196 356.7868 0.0028 7.0027 0.1428 6.5423 45.8132 30
31 58.0832 0.0172 407.7370 0.0025 7.0199 0.1425 6.5998 46.3297 31
32 66.2148 0.0151 465.8202 0.0021 7.0350 0.1421 6.6522 46.7979 32
33 75.4849 0.0132 532.0350 0.0019 7.0482 0.1419 6.6998 47.2218 33
34 86.0528 0.0116 607.5199 0.0016 7.0599 0.1416 6.7431 47.6053 34
35 98.1002 0.0102 693.5727 0.0014 7.0700 0.1414 6.7824 47.9519 35
40 188.8835 0.0053 1342.0251 0.0007 7.1050 0.1407 6.9300 49.2376 40
45 363.6791 0.0027 2590.5648 0.0004 7.1232 0.1404 7.0188 49.9963 45
50 700.2330 0.0014 4994.5213 0.0002 7.1327 0.1402 7.0714 50.4375 50
APPENDIX A Interest Factors for Discrete Compounding 889
14.0%
Single Payment Equal Payment Series Gradient Series
Compound Present Compound Sinking Present Capital Gradient Gradient
Amount Worth Amount Fund Worth Recovery Uniform Present
Factor Factor Factor Factor Factor Factor Series Worth
N (F/P,i,N) (P/F,i,N) (F/A,i,N) (A/F,i,N) (P/A,i,N) (A/P,i,N) (A/G,i,N) (P/G,i,N) N
1 1.1500 0.8696 1.0000 1.0000 0.8696 1.1500 0.0000 0.0000 1
2 1.3225 0.7561 2.1500 0.4651 1.6257 0.6151 0.4651 0.7561 2
3 1.5209 0.6575 3.4725 0.2880 2.2832 0.4380 0.9071 2.0712 3
4 1.7490 0.5718 4.9934 0.2003 2.8550 0.3503 1.3263 3.7864 4
5 2.0114 0.4972 6.7424 0.1483 3.3522 0.2983 1.7228 5.7751 5
6 2.3131 0.4323 8.7537 0.1142 3.7845 0.2642 2.0972 7.9368 6
7 2.6600 0.3759 11.0668 0.0904 4.1604 0.2404 2.4498 10.1924 7
8 3.0590 0.3269 13.7268 0.0729 4.4873 0.2229 2.7813 12.4807 8
9 3.5179 0.2843 16.7858 0.0596 4.7716 0.2096 3.0922 14.7548 9
10 4.0456 0.2472 20.3037 0.0493 5.0188 0.1993 3.3832 16.9795 10
11 4.6524 0.2149 24.3493 0.0411 5.2337 0.1911 3.6549 19.1289 11
12 5.3503 0.1869 29.0017 0.0345 5.4206 0.1845 3.9082 21.1849 12
13 6.1528 0.1625 34.3519 0.0291 5.5831 0.1791 4.1438 23.1352 13
14 7.0757 0.1413 40.5047 0.0247 5.7245 0.1747 4.3624 24.9725 14
15 8.1371 0.1229 47.5804 0.0210 5.8474 0.1710 4.5650 26.6930 15
16 9.3576 0.1069 55.7175 0.0179 5.9542 0.1679 4.7522 28.2960 16
17 10.7613 0.0929 65.0751 0.0154 6.0472 0.1654 4.9251 29.7828 17
18 12.3755 0.0808 75.8364 0.0132 6.1280 0.1632 5.0843 31.1565 18
19 14.2318 0.0703 88.2118 0.0113 6.1982 0.1613 5.2307 32.4213 19
20 16.3665 0.0611 102.4436 0.0098 6.2593 0.1598 5.3651 33.5822 20
21 18.8215 0.0531 118.8101 0.0084 6.3125 0.1584 5.4883 34.6448 21
22 21.6447 0.0462 137.6316 0.0073 6.3587 0.1573 5.6010 35.6150 22
23 24.8915 0.0402 159.2764 0.0063 6.3988 0.1563 5.7040 36.4988 23
24 28.6252 0.0349 184.1678 0.0054 6.4338 0.1554 5.7979 37.3023 24
25 32.9190 0.0304 212.7930 0.0047 6.4641 0.1547 5.8834 38.0314 25
26 37.8568 0.0264 245.7120 0.0041 6.4906 0.1541 5.9612 38.6918 26
27 43.5353 0.0230 283.5688 0.0035 6.5135 0.1535 6.0319 39.2890 27
28 50.0656 0.0200 327.1041 0.0031 6.5335 0.1531 6.0960 39.8283 28
29 57.5755 0.0174 377.1697 0.0027 6.5509 0.1527 6.1541 40.3146 29
30 66.2118 0.0151 434.7451 0.0023 6.5660 0.1523 6.2066 40.7526 30
31 76.1435 0.0131 500.9569 0.0020 6.5791 0.1520 6.2541 41.1466 31
32 87.5651 0.0114 577.1005 0.0017 6.5905 0.1517 6.2970 41.5006 32
33 100.6998 0.0099 664.6655 0.0015 6.6005 0.1515 6.3357 41.8184 33
34 115.8048 0.0086 765.3654 0.0013 6.6091 0.1513 6.3705 42.1033 34
35 133.1755 0.0075 881.1702 0.0011 6.6166 0.1511 6.4019 42.3586 35
40 267.8635 0.0037 1779.0903 0.0006 6.6418 0.1506 6.5168 43.2830 40
45 538.7693 0.0019 3585.1285 0.0003 6.6543 0.1503 6.5830 43.8051 45
50 1083.6574 0.0009 7217.7163 0.0001 6.6605 0.1501 6.6205 44.0958 50
890 APPENDIX A Interest Factors for Discrete Compounding
15.0%
Single Payment Equal Payment Series Gradient Series
Compound Present Compound Sinking Present Capital Gradient Gradient
Amount Worth Amount Fund Worth Recovery Uniform Present
Factor Factor Factor Factor Factor Factor Series Worth
N (F/P,i,N) (P/F,i,N) (F/A,i,N) (A/F,i,N) (P/A,i,N) (A/P,i,N) (A/G,i,N) (P/G,i,N) N
1 1.1600 0.8621 1.0000 1.0000 0.8621 1.1600 0.0000 0.0000 1
2 1.3456 0.7432 2.1600 0.4630 1.6052 0.6230 0.4630 0.7432 2
3 1.5609 0.6407 3.5056 0.2853 2.2459 0.4453 0.9014 2.0245 3
4 1.8106 0.5523 5.0665 0.1974 2.7982 0.3574 1.3156 3.6814 4
5 2.1003 0.4761 6.8771 0.1454 3.2743 0.3054 1.7060 5.5858 5
6 2.4364 0.4104 8.9775 0.1114 3.6847 0.2714 2.0729 7.6380 6
7 2.8262 0.3538 11.4139 0.0876 4.0386 0.2476 2.4169 9.7610 7
8 3.2784 0.3050 14.2401 0.0702 4.3436 0.2302 2.7388 11.8962 8
9 3.8030 0.2630 17.5185 0.0571 4.6065 0.2171 3.0391 13.9998 9
10 4.4114 0.2267 21.3215 0.0469 4.8332 0.2069 3.3187 16.0399 10
11 5.1173 0.1954 25.7329 0.0389 5.0286 0.1989 3.5783 17.9941 11
12 5.9360 0.1685 30.8502 0.0324 5.1971 0.1924 3.8189 19.8472 12
13 6.8858 0.1452 36.7862 0.0272 5.3423 0.1872 4.0413 21.5899 13
14 7.9875 0.1252 43.6720 0.0229 5.4675 0.1829 4.2464 23.2175 14
15 9.2655 0.1079 51.6595 0.0194 5.5755 0.1794 4.4352 24.7284 15
16 10.7480 0.0930 60.9650 0.0164 5.6685 0.1764 4.6086 26.1241 16
17 12.4677 0.0802 71.6730 0.0140 5.7487 0.1740 4.7676 27.4074 17
18 14.4625 0.0691 84.1407 0.0119 5.8178 0.1719 4.9130 28.5828 18
19 16.7765 0.0596 98.6032 0.0101 5.8775 0.1701 5.0457 29.6557 19
20 19.4608 0.0514 115.3797 0.0087 5.9288 0.1687 5.1666 30.6321 20
21 22.5745 0.0443 134.8405 0.0074 5.9731 0.1674 5.2766 31.5180 21
22 26.1864 0.0382 157.4150 0.0064 6.0113 0.1664 5.3765 32.3200 22
23 30.3762 0.0329 183.6014 0.0054 6.0442 0.1654 5.4671 33.0442 23
24 35.2364 0.0284 213.9776 0.0047 6.0726 0.1647 5.5490 33.6970 24
25 40.8742 0.0245 249.2140 0.0040 6.0971 0.1640 5.6230 34.2841 25
26 47.4141 0.0211 290.0883 0.0034 6.1182 0.1634 5.6898 34.8114 26
27 55.0004 0.0182 337.5024 0.0030 6.1364 0.1630 5.7500 35.2841 27
28 63.8004 0.0157 392.5028 0.0025 6.1520 0.1625 5.8041 35.7073 28
29 74.0085 0.0135 456.3032 0.0022 6.1656 0.1622 5.8528 36.0856 29
30 85.8499 0.0116 530.3117 0.0019 6.1772 0.1619 5.8964 36.4234 30
31 99.5859 0.0100 616.1616 0.0016 6.1872 0.1616 5.9356 36.7247 31
32 115.5196 0.0087 715.7475 0.0014 6.1959 0.1614 5.9706 36.9930 32
33 134.0027 0.0075 831.2671 0.0012 6.2034 0.1612 6.0019 27.2318 33
34 155.4432 0.0064 965.2698 0.0010 6.2098 0.1610 6.0299 37.4441 34
35 180.3141 0.0055 1120.7130 0.0009 6.2153 0.1609 6.0548 37.6327 35
40 378.7212 0.0026 2360.7572 0.0004 6.2335 0.1604 6.1441 38.2992 40
45 795.4438 0.0013 4965.2739 0.0002 6.2421 0.1602 6.1934 38.6598 45
50 1670.7038 0.0006 10435.6488 0.0001 6.2463 0.1601 6.2201 38.8521 50
APPENDIX A Interest Factors for Discrete Compounding 891
16.0%
Single Payment Equal Payment Series Gradient Series
Compound Present Compound Sinking Present Capital Gradient Gradient
Amount Worth Amount Fund Worth Recovery Uniform Present
Factor Factor Factor Factor Factor Factor Series Worth
N (F/P,i,N) (P/F,i,N) (F/A,i,N) (A/F,i,N) (P/A,i,N) (A/P,i,N) (A/G,i,N) (P/G,i,N) N
1 1.1800 0.8475 1.0000 1.0000 0.8475 1.1800 0.0000 0.0000 1
2 1.3924 0.7182 2.1800 0.4587 1.5656 0.6387 0.4587 0.7182 2
3 1.6430 0.6086 3.5724 0.2799 2.1743 0.4599 0.8902 1.9354 3
4 1.9388 0.5158 5.2154 0.1917 2.6901 0.3717 1.2947 3.4828 4
5 2.2878 0.4371 7.1542 0.1398 3.1272 0.3198 1.6728 5.2312 5
6 2.6996 0.3704 9.4420 0.1059 3.4976 0.2859 2.0252 7.0834 6
7 3.1855 0.3139 12.1415 0.0824 3.8115 0.2624 2.3526 8.9670 7
8 3.7589 0.2660 15.3270 0.0652 4.0776 0.2452 2.6558 10.8292 8
9 4.4355 0.2255 19.0859 0.0524 4.3030 0.2324 2.9358 12.6329 9
10 5.2338 0.1911 23.5213 0.0425 4.4941 0.2225 3.1936 14.3525 10
11 6.1759 0.1619 28.7551 0.0348 4.6560 0.2148 3.4303 15.9716 11
12 7.2876 0.1372 34.9311 0.0286 4.7932 0.2086 3.6470 17.4811 12
13 8.5994 0.1163 42.2187 0.0237 4.9095 0.2037 3.8449 18.8765 13
14 10.1472 0.0985 50.8180 0.0197 5.0081 0.1997 4.0250 20.1576 14
15 11.9737 0.0835 60.9653 0.0164 5.0916 0.1964 4.1887 21.3269 15
16 14.1290 0.0708 72.9390 0.0137 5.1624 0.1937 4.3369 22.3885 16
17 16.6722 0.0600 87.0680 0.0115 5.2223 0.1915 4.4708 23.3482 17
18 19.6733 0.0508 103.7403 0.0096 5.2732 0.1896 4.5916 24.2123 18
19 23.2144 0.0431 123.4135 0.0081 5.3162 0.1881 4.7003 24.9877 19
20 27.3930 0.0365 146.6280 0.0068 5.3527 0.1868 4.7978 25.6813 20
21 32.3238 0.0309 174.0210 0.0057 5.3837 0.1857 4.8851 26.3000 21
22 38.1421 0.0262 206.3448 0.0048 5.4099 0.1848 4.9632 26.8506 22
23 45.0076 0.0222 244.4868 0.0041 5.4321 0.1841 5.0329 27.3394 23
24 53.1090 0.0188 289.4945 0.0035 5.4509 0.1835 5.0950 27.7725 24
25 62.6686 0.0160 342.6035 0.0029 5.4669 0.1829 5.1502 28.1555 25
26 73.9490 0.0135 405.2721 0.0025 5.4804 0.1825 5.1991 28.4935 26
27 87.2598 0.0115 479.2211 0.0021 5.4919 0.1821 5.2425 28.7915 27
28 102.9666 0.0097 566.4809 0.0018 5.5016 0.1818 5.2810 29.0537 28
29 121.5005 0.0082 669.4475 0.0015 5.5098 0.1815 5.3149 29.2842 29
30 143.3706 0.0070 790.9480 0.0013 5.5168 0.1813 5.3448 29.4864 30
31 169.1774 0.0059 934.3186 0.0011 5.5227 0.1811 5.3712 29.6638 31
32 199.6293 0.0050 1103.4960 0.0009 5.5277 0.1809 5.3945 29.8191 32
33 235.5625 0.0042 1303.1253 0.0008 5.5320 0.1808 5.4149 29.9549 33
34 277.9638 0.0036 1538.6878 0.0006 5.5356 0.1806 5.4328 30.0736 34
35 327.9973 0.0030 1816.6516 0.0006 5.5386 0.1806 5.4485 30.1773 35
40 750.3783 0.0013 4163.2130 0.0002 5.5482 0.1802 5.5022 30.5269 40
45 1716.6839 0.0006 9531.5771 0.0001 5.5523 0.1801 5.5293 30.7006 45
50 3927.3569 0.0003 21813.0937 0.0000 5.5541 0.1800 5.5428 30.7856 50
892 APPENDIX A Interest Factors for Discrete Compounding
18.0%
Single Payment Equal Payment Series Gradient Series
Compound Present Compound Sinking Present Capital Gradient Gradient
Amount Worth Amount Fund Worth Recovery Uniform Present
Factor Factor Factor Factor Factor Factor Series Worth
N (F/P,i,N) (P/F,i,N) (F/A,i,N) (A/F,i,N) (P/A,i,N) (A/P,i,N) (A/G,i,N) (P/G,i,N) N
1 1.2000 0.8333 1.0000 1.0000 0.8333 1.2000 0.0000 0.0000 1
2 1.4400 0.6944 2.2000 0.4545 1.5278 0.6545 0.4545 0.6944 2
3 1.7280 0.5787 3.6400 0.2747 2.1065 0.4747 0.8791 1.8519 3
4 2.0736 0.4823 5.3680 0.1863 2.5887 0.3863 1.2742 3.2986 4
5 2.4883 0.4019 7.4416 0.1344 2.9906 0.3344 1.6405 4.9061 5
6 2.9860 0.3349 9.9299 0.1007 3.3255 0.3007 1.9788 6.5806 6
7 3.5832 0.2791 12.9159 0.0774 3.6046 0.2774 2.2902 8.2551 7
8 4.2998 0.2326 16.4991 0.0606 3.8372 0.2606 2.5756 9.8831 8
9 5.1598 0.1938 20.7989 0.0481 4.0310 0.2481 2.8364 11.4335 9
10 6.1917 0.1615 25.9587 0.0385 4.1925 0.2385 3.0739 12.8871 10
11 7.4301 0.1346 32.1504 0.0311 4.3271 0.2311 3.2893 14.2330 11
12 8.9161 0.1122 39.5805 0.0253 4.4392 0.2253 3.4841 15.4667 12
13 10.6993 0.0935 48.4966 0.0206 4.5327 0.2206 3.6597 16.5883 13
14 12.8392 0.0779 59.1959 0.0169 4.6106 0.2169 3.8175 17.6008 14
15 15.4070 0.0649 72.0351 0.0139 4.6755 0.2139 3.9588 18.5095 15
16 18.4884 0.0541 87.4421 0.0114 4.7296 0.2114 4.0851 19.3208 16
17 22.1861 0.0451 105.9306 0.0094 4.7746 0.2094 4.1976 20.0419 17
18 26.6233 0.0376 128.1167 0.0078 4.8122 0.2078 4.2975 20.6805 18
19 31.9480 0.0313 154.7400 0.0065 4.8435 0.2065 4.3861 21.2439 19
20 38.3376 0.0261 186.6880 0.0054 4.8696 0.2054 4.4643 21.7395 20
21 46.0051 0.0217 225.0256 0.0044 4.8913 0.2044 4.5334 22.1742 21
22 55.2061 0.0181 271.0307 0.0037 4.9094 0.2037 4.5941 22.5546 22
23 66.2474 0.0151 326.2369 0.0031 4.9245 0.2031 4.6475 22.8867 23
24 79.4968 0.0126 392.4842 0.0025 4.9371 0.2025 4.6943 23.1760 24
25 95.3962 0.0105 471.9811 0.0021 4.9476 0.2021 4.7352 23.4276 25
26 114.4755 0.0087 567.3773 0.0018 4.9563 0.2018 4.7709 23.6460 26
27 137.3706 0.0073 681.8528 0.0015 4.9636 0.2015 4.8020 23.8353 27
28 164.8447 0.0061 819.2233 0.0012 4.9697 0.2012 4.8291 23.9991 28
29 197.8136 0.0051 984.0680 0.0010 4.9747 0.2010 4.8527 24.1406 29
30 237.3763 0.0042 1181.8816 0.0008 4.9789 0.2008 4.8731 24.2628 30
31 284.8516 0.0035 1419.2579 0.0007 4.9824 0.2007 4.8908 24.3681 31
32 341.8219 0.0029 1704.1095 0.0006 4.9854 0.2006 4.9061 24.4588 32
33 410.1863 0.0024 2045.9314 0.0005 4.9878 0.2005 4.9194 24.5368 33
34 492.2235 0.0020 2456.1176 0.0004 4.9898 0.2004 4.9308 24.6038 34
35 590.6682 0.0017 2948.3411 0.0003 4.9915 0.2003 4.9406 24.6614 35
40 1469.7716 0.0007 7343.8578 0.0001 4.9966 0.2001 4.9728 24.8469 40
45 3657.2620 0.0003 18281.3099 0.0001 4.9986 0.2001 4.9877 24.9316 45
APPENDIX A Interest Factors for Discrete Compounding 893
20.0%
Single Payment Equal Payment Series Gradient Series
Compound Present Compound Sinking Present Capital Gradient Gradient
Amount Worth Amount Fund Worth Recovery Uniform Present
Factor Factor Factor Factor Factor Factor Series Worth
N (F/P,i,N) (P/F,i,N) (F/A,i,N) (A/F,i,N) (P/A,i,N) (A/P,i,N) (A/G,i,N) (P/G,i,N) N
1 1.2500 0.8000 1.0000 1.0000 0.8000 1.2500 0.0000 0.0000 1
2 1.5625 0.6400 2.2500 0.4444 1.4400 0.6944 0.4444 0.6400 2
3 1.9531 0.5120 3.8125 0.2623 1.9520 0.5123 0.8525 1.6640 3
4 2.4414 0.4096 5.7656 0.1734 2.3616 0.4234 1.2249 2.8928 4
5 3.0518 0.3277 8.2070 0.1218 2.6893 0.3718 1.5631 4.2035 5
6 3.8147 0.2621 11.2588 0.0888 2.9514 0.3388 1.8683 5.5142 6
7 4.7684 0.2097 15.0735 0.0663 3.1611 0.3163 2.1424 6.7725 7
8 5.9605 0.1678 19.8419 0.0504 3.3289 0.3004 2.3872 7.9469 8
9 7.4506 0.1342 25.8023 0.0388 3.4631 0.2888 2.6048 9.0207 9
10 9.3132 0.1074 33.2529 0.0301 3.5705 0.2801 2.7971 9.9870 10
11 11.6415 0.0859 42.5661 0.0235 3.6564 0.2735 2.9663 10.8460 11
12 14.5519 0.0687 54.2077 0.0184 3.7251 0.2684 3.1145 11.6020 12
13 18.1899 0.0550 68.7596 0.0145 3.7801 0.2645 3.2437 12.2617 13
14 22.7374 0.0440 86.9495 0.0115 3.8241 0.2615 3.3559 12.8334 14
15 28.4217 0.0352 109.6868 0.0091 3.8593 0.2591 3.4530 13.3260 15
16 35.5271 0.0281 138.1085 0.0072 3.8874 0.2572 3.5366 13.7482 16
17 44.4089 0.0225 173.6357 0.0058 3.9099 0.2558 3.6084 14.1085 17
18 55.5112 0.0180 218.0446 0.0046 3.9279 0.2546 3.6698 14.4147 18
19 69.3889 0.0144 273.5558 0.0037 3.9424 0.2537 3.7222 14.6741 19
20 86.7362 0.0115 342.9447 0.0029 3.9539 0.2529 3.7667 14.8932 20
21 108.4202 0.0092 429.6809 0.0023 3.9631 0.2523 3.8045 15.0777 21
22 135.5253 0.0074 538.1011 0.0019 3.9705 0.2519 3.8365 15.2326 22
23 169.4066 0.0059 673.6264 0.0015 3.9764 0.2515 3.8634 15.3625 23
24 211.7582 0.0047 843.0329 0.0012 3.9811 0.2512 3.8861 15.4711 24
25 264.6978 0.0038 1054.7912 0.0009 3.9849 0.2509 3.9052 15.5618 25
26 330.8722 0.0030 1319.4890 0.0008 3.9879 0.2508 3.9212 15.6373 26
27 413.5903 0.0024 1650.3612 0.0006 3.9903 0.2506 3.9346 15.7002 27
28 516.9879 0.0019 2063.9515 0.0005 3.9923 0.2505 3.9457 15.7524 28
29 646.2349 0.0015 2580.9394 0.0004 3.9938 0.2504 3.9551 15.7957 29
30 807.7936 0.0012 3227.1743 0.0003 3.9950 0.2503 3.9628 15.8316 30
31 1009.7420 0.0010 4034.9678 0.0002 3.9960 0.2502 3.9693 15.8614 31
32 1262.1774 0.0008 5044.7098 0.0002 3.9968 0.2502 3.9746 15.8859 32
33 1577.7218 0.0006 6306.8872 0.0002 3.9975 0.2502 3.9791 15.9062 33
34 1972.1523 0.0005 7884.6091 0.0001 3.9980 0.2501 3.9828 15.9229 34
35 2465.1903 0.0004 9856.7613 0.0001 3.9984 0.2501 3.9858 15.9367 35
40 7523.1638 0.0001 30088.6554 0.0000 3.9995 0.2500 3.9947 15.9766 40
894 APPENDIX A Interest Factors for Discrete Compounding
25.0%
Single Payment Equal Payment Series Gradient Series
Compound Present Compound Sinking Present Capital Gradient Gradient
Amount Worth Amount Fund Worth Recovery Uniform Present
Factor Factor Factor Factor Factor Factor Series Worth
N (F/P,i,N) (P/F,i,N) (F/A,i,N) (A/F,i,N) (P/A,i,N) (A/P,i,N) (A/G,i,N) (P/G,i,N) N
1 1.3000 0.7692 1.0000 1.0000 0.7692 1.3000 0.0000 0.0000 1
2 1.6900 0.5917 2.3000 0.4348 1.3609 0.7348 0.4348 0.5917 2
3 2.1970 0.4552 3.9900 0.2506 1.8161 0.5506 0.8271 1.5020 3
4 2.8561 0.3501 6.1870 0.1616 2.1662 0.4616 1.1783 2.5524 4
5 3.7129 0.2693 9.0431 0.1106 2.4356 0.4106 1.4903 3.6297 5
6 4.8268 0.2072 12.7560 0.0784 2.6427 0.3784 1.7654 4.6656 6
7 6.2749 0.1594 17.5828 0.0569 2.8021 0.3569 2.0063 5.6218 7
8 8.1573 0.1226 23.8577 0.0419 2.9247 0.3419 2.2156 6.4800 8
9 10.6045 0.0943 32.0150 0.0312 3.0190 0.3312 2.3963 7.2343 9
10 13.7858 0.0725 42.6195 0.0235 3.0915 0.3235 2.5512 7.8872 10
11 17.9216 0.0558 56.4053 0.0177 3.1473 0.3177 2.6833 8.4452 11
12 23.2981 0.0429 74.3270 0.0135 3.1903 0.3135 2.7952 8.9173 12
13 30.2875 0.0330 97.6250 0.0102 3.2233 0.3102 2.8895 9.3135 13
14 39.3738 0.0254 127.9125 0.0078 3.2487 0.3078 2.9685 9.6437 14
15 51.1859 0.0195 167.2863 0.0060 3.2682 0.3060 3.0344 9.9172 15
16 66.5417 0.0150 218.4722 0.0046 3.2832 0.3046 3.0892 10.1426 16
17 86.5042 0.0116 285.0139 0.0035 3.2948 0.3035 3.1345 10.3276 17
18 112.4554 0.0089 371.5180 0.0027 3.3037 0.3027 3.1718 10.4788 18
19 146.1920 0.0068 483.9734 0.0021 3.3105 0.3021 3.2025 10.6019 19
20 190.0496 0.0053 630.1655 0.0016 3.3158 0.3016 3.2275 10.7019 20
21 247.0645 0.0040 820.2151 0.0012 3.3198 0.3012 3.2480 10.7828 21
22 321.1839 0.0031 1067.2796 0.0009 3.3230 0.3009 3.2646 10.8482 22
23 417.5391 0.0024 1388.4635 0.0007 3.3254 0.3007 3.2781 10.9009 23
24 542.8008 0.0018 1806.0026 0.0006 3.3272 0.3006 3.2890 10.9433 24
25 705.6410 0.0014 2348.8033 0.0004 3.3286 0.3004 3.2979 10.9773 25
26 917.3333 0.0011 3054.4443 0.0003 3.3297 0.3003 3.3050 11.0045 26
27 1192.5333 0.0008 3971.7776 0.0003 3.3305 0.3003 3.3107 11.0263 27
28 1550.2933 0.0006 5164.3109 0.0002 3.3312 0.3002 3.3153 11.0437 28
29 2015.3813 0.0005 6714.6042 0.0001 3.3317 0.3001 3.3189 11.0576 29
30 2619.9956 0.0004 8729.9855 0.0001 3.3321 0.3001 3.3219 11.0687 30
31 3405.9943 0.0003 11349.9811 0.0001 3.3324 0.3001 3.3242 11.0775 31
32 4427.7926 0.0002 14755.9755 0.0001 3.3326 0.3001 3.3261 11.0845 32
33 5756.1304 0.0002 19183.7681 0.0001 3.3328 0.3001 3.3276 11.0901 33
34 7482.9696 0.0001 24939.8985 0.0000 3.3329 0.3000 3.3288 11.0945 34
35 9727.8604 0.0001 32422.8681 0.0000 3.3330 0.3000 3.3297 11.0980 35
APPENDIX A Interest Factors for Discrete Compounding 895
30.0%
Single Payment Equal Payment Series Gradient Series
Compound Present Compound Sinking Present Capital Gradient Gradient
Amount Worth Amount Fund Worth Recovery Uniform Present
Factor Factor Factor Factor Factor Factor Series Worth
N (F/P,i,N) (P/F,i,N) (F/A,i,N) (A/F,i,N) (P/A,i,N) (A/P,i,N) (A/G,i,N) (P/G,i,N) N
1 1.3500 0.7407 1.0000 1.0000 0.7407 1.3500 0.0000 0.0000 1
2 1.8225 0.5487 2.3500 0.4255 1.2894 0.7755 0.4255 0.5487 2
3 2.4604 0.4064 4.1725 0.2397 1.6959 0.5897 0.8029 1.3616 3
4 3.3215 0.3011 6.6329 0.1508 1.9969 0.5008 1.1341 2.2648 4
5 4.4840 0.2230 9.9544 0.1005 2.2200 0.4505 1.4220 3.1568 5
6 6.0534 0.1652 14.4384 0.0693 2.3852 0.4193 1.6698 3.9828 6
7 8.1722 0.1224 20.4919 0.0488 2.5075 0.3988 1.8811 4.7170 7
8 11.0324 0.0906 28.6640 0.0349 2.5982 0.3849 2.0597 5.3515 8
9 14.8937 0.0671 39.6964 0.0252 2.6653 0.3752 2.2094 5.8886 9
10 20.1066 0.0497 54.5902 0.0183 2.7150 0.3683 2.3338 6.3363 10
11 27.1439 0.0368 74.6967 0.0134 2.7519 0.3634 2.4364 6.7047 11
12 36.6442 0.0273 101.8406 0.0098 2.7792 0.3598 2.5205 7.0049 12
13 49.4697 0.0202 138.4848 0.0072 2.7994 0.3572 2.5889 7.2474 13
14 66.7841 0.0150 187.9544 0.0053 2.8144 0.3553 2.6443 7.4421 14
15 90.1585 0.0111 254.7385 0.0039 2.8255 0.3539 2.6889 7.5974 15
16 121.7139 0.0082 344.8970 0.0029 2.8337 0.3529 2.7246 7.7206 16
17 164.3138 0.0061 466.6109 0.0021 2.8398 0.3521 2.7530 7.8180 17
18 221.8236 0.0045 630.9247 0.0016 2.8443 0.3516 2.7756 7.8946 18
19 299.4619 0.0033 852.7483 0.0012 2.8476 0.3512 2.7935 2.9547 19
20 404.2736 0.0025 1152.2103 0.0009 2.8501 0.3509 2.8075 8.0017 20
21 545.7693 0.0018 1556.4838 0.0006 2.8519 0.3506 2.8186 8.0384 21
22 736.7886 0.0014 2102.2532 0.0005 2.8533 0.3505 2.8272 8.0669 22
23 994.6646 0.0010 2839.0418 0.0004 2.8543 0.3504 2.8340 8.0890 23
24 1342.7973 0.0007 3833.7064 0.0003 2.8550 0.3503 2.8393 8.1061 24
25 1812.7763 0.0006 5176.5037 0.0002 2.8556 0.3502 2.8433 8.1194 25
26 2447.2480 0.0004 6989.2800 0.0001 2.8560 0.3501 2.8465 8.1296 26
27 3303.7848 0.0003 9436.5280 0.0001 2.8563 0.3501 2.8490 8.1374 27
28 4460.1095 0.0002 12740.3128 0.0001 2.8565 0.3501 2.8509 8.1435 28
29 6021.1478 0.0002 17200.4222 0.0001 2.8567 0.3501 2.8523 8.1481 29
30 8128.5495 0.0001 23221.5700 0.0000 2.8568 0.3500 2.8535 8.1517 30
896 APPENDIX A Interest Factors for Discrete Compounding
35.0%
Single Payment Equal Payment Series Gradient Series
Compound Present Compound Sinking Present Capital Gradient Gradient
Amount Worth Amount Fund Worth Recovery Uniform Present
Factor Factor Factor Factor Factor Factor Series Worth
N (F/P,i,N) (P/F,i,N) (F/A,i,N) (A/F,i,N) (P/A,i,N) (A/P,i,N) (A/G,i,N) (P/G,i,N) N
1 1.4000 0.7143 1.0000 1.0000 0.7143 1.4000 0.0000 0.0000 1
2 1.9600 0.5102 2.4000 0.4167 1.2245 0.8167 0.4167 0.5102 2
3 2.7440 0.3644 4.3600 0.2294 1.5889 0.6294 0.7798 1.2391 3
4 3.8416 0.2603 7.1040 0.1408 1.8492 0.5408 1.0923 2.0200 4
5 5.3782 0.1859 10.9456 0.0914 2.0352 0.4914 1.3580 2.7637 5
6 7.5295 0.1328 16.3238 0.0613 2.1680 0.4613 1.5811 3.4278 6
7 10.5414 0.0949 23.8534 0.0419 2.2628 0.4419 1.7664 3.9970 7
8 14.7579 0.0678 34.3947 0.0291 2.3306 0.4291 1.9185 4.4713 8
9 20.6610 0.0484 49.1526 0.0203 2.3790 0.4203 2.0422 4.8585 9
10 28.9255 0.0346 69.8137 0.0143 2.4136 0.4143 2.1419 5.1696 10
11 40.4957 0.0247 98.7391 0.0101 2.4383 0.4101 2.2215 5.4166 11
12 56.6939 0.0176 139.2348 0.0072 2.4559 0.4072 2.2845 5.6106 12
13 79.3715 0.0126 195.9287 0.0051 2.4685 0.4051 2.3341 5.7618 13
14 111.1201 0.0090 275.3002 0.0036 2.4775 0.4036 2.3729 5.8788 14
15 155.5681 0.0064 386.4202 0.0026 2.4839 0.4026 2.4030 5.9688 15
16 217.7953 0.0046 541.9883 0.0018 2.4885 0.4018 2.4262 6.0376 16
17 304.9135 0.0033 759.7837 0.0013 2.4918 0.4013 2.4441 6.0901 17
18 426.8789 0.0023 1064.6971 0.0009 2.4941 0.4009 2.4577 6.1299 18
19 597.6304 0.0017 1491.5760 0.0007 2.4958 0.4007 2.4682 6.1601 19
20 836.6826 0.0012 2089.2064 0.0005 2.4970 0.4005 2.4761 6.1828 20
21 1171.3556 0.0009 2925.8889 0.0003 2.4979 0.4003 2.4821 6.1998 21
22 1639.8978 0.0006 4097.2445 0.0002 2.4985 0.4002 2.4866 6.2127 22
23 2295.8569 0.0004 5737.1423 0.0002 2.4989 0.4002 2.4900 6.2222 23
24 3214.1997 0.0003 8032.9993 0.0001 2.4992 0.4001 2.4925 6.2294 24
25 4499.8796 0.0002 11247.1990 0.0001 2.4994 0.4001 2.4944 6.2347 25
26 6299.8314 0.0002 15747.0785 0.0001 2.4996 0.4001 2.4959 6.2387 26
27 8819.7640 0.0001 22046.9099 0.0000 2.4997 0.4000 2.4969 6.2416 27
28 12347.6696 0.0001 30866.6739 0.0000 2.4998 0.4000 2.4977 6.2438 28
29 17286.7374 0.0001 43214.3435 0.0000 2.4999 0.4000 2.4983 6.2454 29
30 24201.4324 0.0000 60501.0809 0.0000 2.4999 0.4000 2.4988 6.2466 30
APPENDIX A Interest Factors for Discrete Compounding 897
40.0%
Single Payment Equal Payment Series Gradient Series
Compound Present Compound Sinking Present Capital Gradient Gradient
Amount Worth Amount Fund Worth Recovery Uniform Present
Factor Factor Factor Factor Factor Factor Series Worth
N (F/P,i,N) (P/F,i,N) (F/A,i,N) (A/F,i,N) (P/A,i,N) (A/P,i,N) (A/G,i,N) (P/G,i,N) N
1 1.5000 0.6667 1.0000 1.0000 0.6667 1.5000 0.0000 0.0000 1
2 2.2500 0.4444 2.5000 0.4000 1.1111 0.9000 0.4000 0.4444 2
3 3.3750 0.2963 4.7500 0.2105 1.4074 0.7105 0.7368 1.0370 3
4 5.0625 0.1975 8.1250 0.1231 1.6049 0.6231 1.0154 1.6296 4
5 7.5938 0.1317 13.1875 0.0758 1.7366 0.5758 1.2417 2.1564 5
6 11.3906 0.0878 20.7813 0.0481 1.8244 0.5481 1.4226 2.5953 6
7 17.0859 0.0585 32.1719 0.0311 1.8829 0.5311 1.5648 2.9465 7
8 25.6289 0.0390 49.2578 0.0203 1.9220 0.5203 1.6752 3.2196 8
9 38.4434 0.0260 74.8867 0.0134 1.9480 0.5134 1.7596 3.4277 9
10 57.6650 0.0173 113.3301 0.0088 1.9653 0.5088 1.8235 3.5838 10
11 86.4976 0.0116 170.9951 0.0058 1.9769 0.5058 1.8713 3.6994 11
12 129.7463 0.0077 257.4927 0.0039 1.9846 0.5039 1.9068 3.7842 12
13 194.6195 0.0051 387.2390 0.0026 1.9897 0.5026 1.9329 3.8459 13
14 291.9293 0.0034 581.8585 0.0017 1.9931 0.5017 1.9519 3.8904 14
15 437.8939 0.0023 873.7878 0.0011 1.9954 0.5011 1.9657 3.9224 15
16 656.8408 0.0015 1311.6817 0.0008 1.9970 0.5008 1.9756 3.9452 16
17 985.2613 0.0010 1968.5225 0.0005 1.9980 0.5005 1.9827 3.9614 17
18 1477.8919 0.0007 2953.7838 0.0003 1.9986 0.5003 1.9878 3.9729 18
19 2216.8378 0.0005 4431.6756 0.0002 1.9991 0.5002 1.9914 3.9811 19
20 3325.2567 0.0003 6648.5135 0.0002 1.9994 0.5002 1.9940 3.9868 20
898 APPENDIX A Interest Factors for Discrete Compounding
50.0%